1.2939802290235292 -0.6406096237778827 -1.4881361929171968 2.3492287855049683 -2.069708107822559 0.9959101213296264 ,
0.5748109570918493 0.10595993243116361 0.6413099814378831 0.6819056227826317 1.940223180567815 -2.1167354118446315 ,
1.5112653649553391 0.8608757705543711 2.8587968489941367 -2.0641191867620314 0.5368567573287444 -0.8397842149637541 ,
-0.7007295358781949 0.17792048040694353 -0.6745200233152155 -1.6762104863046974 -1.2853963223256732 1.584112496665949 ,
-2.5066223208735576 2.2994866439122736 0.48358074661408385 0.8311856519912947 0.5665299722896867 -1.2984941567930548 ,
-0.47164399273808033 0.8612778439334527 1.2976677387030253 2.0066327441242886 2.4845533087474276 -0.4614635859567955 ,
2.9318257662503475 2.258463853033138 2.3211614787989365 -0.8621272406201008 4.122990370761457 1.4328924764471846 ,
###

-0.36970022620370435 1.1501751051033313 -1.928240702216799 5.927052958465366 0.04841732476946187 ,
2.7537636024684766 1.4683072786761406 2.7842883090793102 -3.1113953651911963 3.7846917332382297 ,
0.028490230840162473 2.1838543067958445 2.729977053593985 -0.993734994130001 -0.6915828566729678 ,
1.381470502220805 1.1309353938460553 1.0529840608793373 0.39717330288987224 1.9757547223581167 ,
0.07558113400381825 -2.6506431819607768 -0.8375967850555845 -1.0872418541620112 -0.5853022768615047 ,
1.7081363658554911 -1.4861304400564397 1.4076649902287872 1.009400883236302 1.0909771334842373 ,
###

