-1.4460161184951712 0.7318829124830554 0.33831694372328425 0.4012251245713896 -0.010013325670553352 0.049285725245901135 -0.8878120837335435 0.7797872296387239 0.5089899626543096 1.5868507003345393 0.4865768380053952 -0.7817897130777598 ,
-2.6082631773705653 -1.475984576753361 1.8037840082796683 -0.4420161458082785 1.322737273360012 -1.1288552397110474 -0.128989712564206 -0.018135661953500692 1.9611229407255295 -1.190183134325402 -0.6459031660367685 1.2377791730270353 ,
0.8401244287945328 0.1265651199068334 -0.2775650123248782 0.8046856310178575 -0.5576847757766804 -0.901361758643829 0.12599284030383928 -0.8050206881417429 0.45339436401910815 -0.41524324720507144 1.3537187383672196 -0.18387743641758247 ,
0.9422825097082482 0.2928654909347087 -1.0642789481527806 1.257414529837349 1.167234606077148 0.506919027413963 1.646637305439321 -1.7898972687420105 1.910822132618243 -1.758017874818282 0.21800555186122728 0.6615650729236058 ,
-1.1612108955076033 -0.2570681832911018 -0.13435218215540412 0.007035801888528481 -0.005029179667475403 -0.3166520664795922 1.208983595811695 -0.7423228713634986 -0.7894693273956735 1.7968820162182877 -1.3756794975381492 0.8538697831208881 ,
0.8498024919914063 -0.17428656890484429 -0.3417365614818352 0.3392219790697407 -0.11326063121059915 -0.22743069843652497 -0.8345902044928406 -1.044698152602117 -0.473207668495524 -0.01903180598012366 0.46302554986892897 -1.8805099160900651 ,
-1.0022102277747869 0.5541324381706527 -0.46873613000254555 0.19329308008654733 -1.1537352932857334 0.8067608367536299 -0.33209216747797654 0.012802140321244604 0.05584944891038213 0.32017658712333563 -0.025216168338491052 -1.014763425174873 ,
0.3443934707189992 0.0407175765533041 0.35080556234428695 -0.6931695958302081 -0.3210040003079224 -0.13467689553139106 -0.18194948272594713 0.43282485486174904 1.1344472791226337 -0.017596894299649612 0.003841911267376763 0.19034210657289163 ,
-0.8243294520633931 1.185996042125645 0.295754951004085 -2.1094218787489663 0.09642826246232294 -1.0825639150244832 0.11665414115448103 1.253588651534871 1.3143884699031618 0.9995633014287072 1.1753419157159923 0.7447750000056402 ,
0.6637413327670824 1.7628593250569145 0.6227717563563736 0.822421465644797 -0.01457800272186549 0.2633060750991183 0.1868445094637896 -0.3842748690651848 -0.6148022506258869 -0.6351365610149321 -0.5366098940678713 0.37770335653815823 ,
-2.287327092227388 -1.4245231343811606 0.7563586303824055 0.13459925669140904 -0.7677313145516946 -0.8395379351586264 -0.4935157941328224 -1.3059124315583142 0.9249994430627572 -0.4772042859638963 -1.658504376711519 -0.6067245195838596 ,
###

-0.5244000914809026 0.5628679911216179 -1.017746960231444 -0.009867467350874404 0.36776582412365333 0.4051601841636644 0.8204445795389733 0.8920669781555768 ,
0.8816581386137706 -0.2139390414365573 -1.0106251364528085 -1.280052437718873 0.7249869657134398 -0.9446208129792878 0.22714481909600015 -1.0939667639919723 ,
0.6806047850408361 2.118980388531897 1.6539116418824371 1.2793024483788034 1.9361263155816486 -0.23748079990829318 -0.4430128978232952 1.636716955921021 ,
-0.09526680981230518 1.9653093148587975 2.0057564401433057 -0.30308416369232727 -0.3682853471212031 0.09757571640054996 -0.6577269707852801 0.840345979529116 ,
-1.2659903472297462 -0.019088522108067774 0.20375213742216536 -1.265713914420703 1.3492913108553781 -0.9500300085708752 -2.0330103604530914 -0.5136802468308324 ,
-0.1475504770716276 0.15270715014987057 -1.3805409291971813 -0.22034535874329353 -0.5783007412322854 -0.5792984329262353 -0.5453023404731644 0.04497966333893055 ,
0.2195052151093264 -0.04526436140869672 0.8122371594338694 -0.18485378493723004 2.086321569279598 0.4666412335689629 1.059753377358427 -0.7582810519087946 ,
0.663551433746935 0.09260353421076817 -1.4823197770681746 0.08748403767577428 -1.1329619009757046 0.30131828528494053 1.6974170739166445 2.0883417442360246 ,
0.7988194850282025 0.07777959974849502 -1.8793099510501525 -0.21773634755209936 -0.9261785889266441 -0.44130001201849156 -0.4506820320756063 0.002199892267196968 ,
0.0700445077875439 -0.480865824042355 -0.06734340449589915 0.5768973869413201 0.15027100332582466 0.5026322508275199 0.3769886771278983 -0.5909306066466058 ,
0.39233428636362 1.0788590107906435 -0.1279939084401548 -1.1805861251710263 1.210966713346733 0.7567269035906721 0.14837083192609857 0.199928139844602 ,
0.8818838524727779 -1.417749246835676 -1.4505357734701558 1.5455791430463308 0.6290993493265705 0.3458973297097223 1.4633113563944975 -0.17128404533411978 ,
###

-1.3759238702154253 0.69331338241661 0.498917205309798 -1.0376244753966002 1.0412112639213627 ,
1.178724421389703 0.05721137490855466 0.21110606332953152 0.9121859201335683 -0.15444165905545648 ,
0.4440009992329522 1.0447456930036596 -1.8394340771479665 0.15783809756046296 0.49364587228635237 ,
0.5736138616718094 1.0925740201365803 -0.4601070764452878 -1.022496522351829 -0.8383665906204838 ,
0.22517100684271707 -1.7379183609661748 -0.012334344975908462 1.1899097709978905 0.9517053568927433 ,
-0.1397701137456283 0.13303396406658208 0.06814285340888293 0.009147865400326194 -0.2074509276224933 ,
-0.16674288764117673 -0.4945743003625821 0.2786400191553833 0.1495554863292905 0.34207276009433984 ,
-1.1253054958170636 -0.4539396967685917 -0.7944943622606178 -0.34407899423144916 0.7898947762494991 ,
###

