-0.7896143594114695 1.0493106378328882 -0.5781459954548803 0.40974736715220683 0.7948183021780919 0.9277225781109084 -0.691853931419883 0.9406081282604484 0.2650191110135279 0.5320608922399819 -0.5219814205729411 -0.08124722808246015 ,
-0.4879015262605023 -0.7135715880551028 0.28385367468989975 0.030422165297287623 0.11694692005157921 0.32638661441187444 0.6697639509687114 -0.7311495499131019 -0.4673518514566096 -0.7102013108698083 0.15759068699390907 0.36492367254151215 ,
-0.8184645748079304 -0.29187690781922143 -0.433630573647371 -0.005687850311964483 -0.03898973125186388 -0.2018452837063292 -0.7840849834707455 -0.044198444976312645 -0.9064989185235697 0.6078522357559596 0.7329224244536989 -0.8783848782448503 ,
0.12245450559589885 -0.017932827022864993 0.11970753220447153 -0.6127410877801673 -0.2338582013108851 0.4072315706686008 0.6344314547713202 0.4186047689974442 0.8873825488184202 0.46897752805197024 0.7044238735251701 -0.18886596867612207 ,
0.6460932990164365 -0.5781319535919408 0.6681272463348354 -0.03269937499783328 -0.5635410311556845 -0.7775099326796614 0.27081268557569255 0.7279819318182549 -0.9359006405170311 -0.6158592507876389 -0.38762083224995275 -0.8557397738002158 ,
0.38830089125573286 0.14590778564857168 -0.8686163259092086 -0.725233594957892 -0.3605556429028661 0.8627110051210337 0.1024189898724224 -0.3344823189162129 -0.11542691648476225 -0.172794166598853 0.8730909311430055 -0.23065705510695506 ,
-0.720716962250221 0.6660804600280422 -0.009634284742646253 0.9697147504315028 -0.7607018468593356 0.5911673003526122 -0.08720360871116288 -0.46322386248142683 -0.8169093178392153 -0.8046260167129656 -0.8753497361225002 0.8188884658665575 ,
0.3860580515862424 -0.07150507866283486 0.17287034542579613 0.11478096462857752 -0.9467289787943045 -0.592862887516378 -0.9864627295973403 -0.6239890947378962 0.34188242265959945 -0.4392643040181549 0.019872071281799374 -0.9531912343913889 ,
0.659498478231134 -0.6730361055721057 0.40231065556160117 -0.13850034458258734 -0.7106460566371609 0.520025772660855 0.07068261909210029 0.18482132982226457 -0.6757656663768321 0.5087214121786562 -0.623243638274229 -0.25136316882997345 ,
0.4370389468601636 0.7485524972381017 -0.2150226180290995 0.6402977411484028 0.4714593429880086 -0.6437106585168002 -0.8080661734604389 -0.7069526226392379 -0.7727086920051367 -0.3298954301070144 -0.10889434682185069 -0.05034086498962262 ,
-0.4369491625581437 0.8178172824237097 0.7610918031785132 0.29154588712355856 -1.1107116547674114 -0.3026983493589141 0.744414373142636 0.6281879236981637 0.713958591979354 -0.33291838626542086 -0.909412646492825 0.028486765204762052 ,
###

0.682943575483994 -0.47405001179949424 1.0149796509436386 -0.48459454535081736 0.822622546844987 ,
0.9260581758025194 0.7934984447396184 -0.5435406034666737 0.11325812057349358 -0.4091413731375287 ,
-0.15902570720659648 -0.9961484341947022 0.32187324036351633 -0.6820037481313158 0.8365155131190307 ,
-0.1389686556293151 -0.6352930534934873 0.6214597725519396 -0.1035649626266546 -0.8201551712773465 ,
0.7876667882308922 -0.19378645324991253 -0.39538941604470984 -0.32458262426645307 -0.33561936446768353 ,
0.25578675902640513 0.2470594503259537 -0.18261565488787254 -0.8841088503260628 -1.0371668793017828 ,
0.837660475076023 0.45152780320543595 -0.3116632738772277 -1.1358733578305351 -0.01700114161195309 ,
-0.9545122832399165 -0.20685974966801488 0.36248837887683044 0.12972305176931873 0.013534578642139715 ,
0.37393831416776996 -0.34730993902656254 0.2103045956279568 -0.6553531411549358 0.1773602701643897 ,
0.22702668886784555 -0.2914429152096733 0.5869805669367252 0.8116353137631067 -0.5754550152620231 ,
-0.04075020773560709 1.1042587492416842 -0.9418544443894913 0.6398641892858912 -0.22787780118234474 ,
0.9722065099144739 -0.4603515266291957 0.2670423984213704 -0.15970788836766653 -0.40834084534669685 ,
###

