-0.7277933497970509 1.1559562613642904 -0.1088510245401656 0.47872791400234216 1.152850445410064 0.3871638179021219 -0.8261549510504329 0.5079778470262982 0.02785236007386365 0.988506893047784 -0.26626629691689296 0.1855458369282227 ,
-0.44824765974876346 -0.6230341374213301 0.033890521488223094 -0.17613303642581712 0.19339907869575496 0.5592068558058938 0.12768575311821906 -0.5732453402478737 -0.03166926464459452 -1.0903958997375869 0.21873406311269017 0.6237515828326038 ,
-1.1510633447130894 -0.02947677820653085 -0.3975492607668488 0.34528579990866176 -0.26287129468941184 -0.09365875106724925 -0.7930542856785474 0.034830462017339345 -1.1082753111833743 0.7635398723501944 1.1429120701925246 -0.837217251034751 ,
0.25056649254818136 0.25955399218253317 -0.3751392573278282 -0.4345561427930925 -0.1008091823107833 0.1427234438913832 0.453109949995911 0.23968923623968386 0.5801769239347806 0.4868154059786383 0.09621943214574502 0.23418975672645578 ,
0.24474556193759103 -0.2979273626387002 0.02379317250997967 -0.20707626323071537 -1.0246093009998622 -1.035607750806177 0.3122071768329053 0.28390388046725723 -1.1171285980402899 -0.3869434310920573 -0.5695050920687519 -0.06689125321021595 ,
0.3788251093416672 -0.17971887147270738 -0.9462702550759733 -0.17038048834457944 -0.25251956048396734 0.7141445049532609 -0.19305293160442114 -0.6680633062198468 -0.09644429371040031 -0.24963582940564755 0.9240354050439401 -0.29789075452640396 ,
-0.3062199630842036 0.43168735576046074 -0.06947636175619125 0.795711239676985 -0.8978233807287672 0.43327420976000275 -0.1353618597981281 -0.1272307460910182 -0.8456658964104685 -0.6529226232894708 -0.9046648132320966 0.985648835447586 ,
0.002573946846501099 -0.18581275635946212 0.08754001259682034 0.7179021678214217 -0.7960413018846363 -0.7305143007549154 -0.9323311531586003 -1.1758193223819435 0.42678313287348646 0.0801291482254918 0.26842867488844946 -0.6408390893659501 ,
0.39581847352676797 -0.515990418808268 0.7561022991231345 -0.29817626552038945 -0.9044816338766914 0.09981113944493207 0.016661752406893753 0.15696342049594267 -0.27084153611535083 0.952631298125127 -0.3675813370116976 -0.2665311773080749 ,
0.6102873675777435 0.4075692375829379 -0.1556599391364853 0.2782986772186122 0.8163899831569336 -0.35895711248820544 -0.8305912544311699 -0.8650048502115152 -0.7371924022726059 -0.46212036350470814 -0.15504716103563387 0.05752998822625707 ,
-0.161417315353762 1.0137757062156594 0.9377249046479832 0.7400144935052546 -1.5322596230188474 -0.05701331361041552 0.5792200224257246 0.34858559863905136 1.419434922023425 -0.013890572086729253 -0.4993384677425359 -0.2896395664123279 ,
###

1.4174013855933896 -0.4766293351637249 0.5151071799764118 -0.365174019973567 0.7419195537692771 ,
0.7870377393416415 0.4132486539524904 -0.04695748407272483 -0.11429454527434452 -1.0783468479465483 ,
-0.6526344052645179 -1.1084151018693273 0.5317711788644272 -0.8112283340920685 0.9183716073920829 ,
-0.27413509699220096 -0.5515919017559442 0.9918116990340082 -0.023077854067340066 -0.47466950252361106 ,
0.7965618838967053 0.039563608241497836 -0.34113693590087113 -0.30321222972108264 -0.6204759305892584 ,
0.5265232492018231 -0.03905377112908077 -0.2358117677272473 -0.5307429632547374 -1.0050877090648955 ,
1.0111635620553254 0.25903070707992737 -0.19758893600000696 -1.6059330990147436 -0.48233966468866996 ,
-1.1848568406607833 0.00011565130724719777 0.4537473764035087 0.10601302333035284 -0.1301269557266167 ,
0.13349231723582486 0.03854900924228023 -0.2742777670262268 -0.9180352891050654 0.26192491413680746 ,
-0.14181852727765762 -0.19858000868690034 0.39681348522767723 0.6252139607948458 -0.22295188283153383 ,
0.09552630856624116 0.9934740573472471 -1.0922230802176536 0.7312903091167227 -0.19621446084870595 ,
1.2541682242350984 -0.6714199143493179 -0.1869019049377208 0.12229708538193228 -0.1183391074036347 ,
###

