-0.923961878681991 1.0760113164363097 -0.724071222013389 0.29685005036923023 0.9047075089915387 1.1757446974506398 -0.5968116623330109 1.1061537439340277 0.1707558464662878 0.6567945879261536 -0.4930486390811798 0.08783930893685968 ,
-0.39058670848357246 -0.6953787276545623 0.28502966658483153 0.2957932930891049 0.17759596389257143 0.2831904098019562 0.18849742927615187 -0.5911477295228065 -0.5540374479223678 -0.8125205822887265 0.12430039088527163 -0.008951897892771442 ,
-0.6891542150532886 -0.35118491021237336 -0.3522279705022514 0.05787349178051137 0.1024613143547223 -0.06033940642818969 -1.077310902132359 -0.05276501042764949 -0.9716951098362336 0.6580470979883498 0.5798838733182602 -0.9965789091160259 ,
0.3172929193936286 -0.06324616724597697 -0.44285990184544294 -0.4938710638399064 -0.40608750360630946 0.47574096224478885 0.2945996298355061 0.15367529659910362 0.8768076614316943 0.48687499727515954 0.4573318924111848 -0.2999707959079554 ,
0.5238281366588599 -0.6119321012228071 0.23085917270599982 0.3545541221931381 -0.7082423456122882 -0.5800414235524971 0.3283772129937965 0.7106231796770299 -1.2319807559204028 -0.5647844163874487 -0.7103852592286026 -0.9493504807224493 ,
0.02682379959918782 0.20581157241289863 -0.9709016389688641 -0.4447003773088107 -0.40591430487924285 0.9689587225244521 0.49640225154939943 -0.47860120450789595 0.12282769248330039 0.023874500379401902 1.029318302846304 -0.28133448399953065 ,
-0.6964484004486062 0.8621697744350548 0.07296979849539241 1.2370700709596427 -0.7823103832297765 0.6488660951026906 -0.36915403243441114 -0.3631585893121021 -0.7855576203496891 -1.0716448658753706 -0.9839363313899838 0.7369104991807901 ,
0.3480345410744265 -0.19386315737664264 0.21662801157627914 0.40421752683017836 -0.8798650766102158 -0.28455375611615635 -0.973124934337745 -0.5816881418920122 0.4679554081248046 -0.4599047446199964 0.23930804239812933 -0.9461817562492609 ,
0.4605625537770642 -1.0544152063633512 0.2578453277543927 -0.28951824946553073 -0.6291965741271783 0.26053451346986667 -0.00878357147973335 0.34582809945013476 -0.586859274961495 0.25592368811526023 -0.3865864947112201 -0.3128324470247665 ,
0.7082924767310915 0.7377053446102915 -0.2219190816707723 0.9155115993383542 0.6826583689744298 -0.6266949035825543 -0.4182142570291733 -0.9222922450884442 -0.9192769170328265 -0.5484792056112883 -0.3644849504240434 -0.08670376432380618 ,
-0.1481175919718987 0.8976925941605416 0.862596855567982 0.10291206340147022 -0.9480959105297456 -0.4242359680915091 0.1828368224246065 0.5166795225123513 0.724534948023615 -0.3746962078177123 -0.7127753443044008 0.018034105432029178 ,
###

0.6869439993055975 -0.5967091786197145 1.082303992246297 -0.8635260066078129 0.8739697951833323 ,
1.1594667098362075 0.7021902653885356 -0.4885050335988338 -0.2571865820171208 -0.027883769046227247 ,
-0.4661453576373348 -0.9194741524069651 0.25489612349361235 -0.9151130439796883 0.9132781715084379 ,
0.08164499677045646 -0.5757360859979833 0.6841639547026089 -0.21690517405424475 -0.9369615337478169 ,
0.4412074400291781 -0.35812166350399177 -0.3613221601499708 -0.46720035135203225 -0.3824629539429085 ,
0.549206300186376 0.15204562980757266 -0.08874420633974464 -0.9738550519214404 -1.2785153194333265 ,
0.9628066538133203 0.5486541183619082 -0.3484270040303834 -1.0256499742807064 -0.4619506478237349 ,
-1.0421197212841797 -0.19054938023269405 0.2372196316684 -0.03867860852649396 0.05997740992432267 ,
0.45954361439380337 -0.05261297718954202 0.09451525520457918 -0.7031442801767676 0.23086346835929725 ,
0.299437194568469 -0.6428092174442733 0.3034386758456369 1.1269194618034781 -0.7025712845744312 ,
-0.3572184082355445 0.7266076676115653 -1.394071565346199 0.6545371093463463 0.12356346230688048 ,
0.6573353242332964 -0.40011365749177125 0.1968914557304585 -0.4072055128438569 -0.4577705409711798 ,
###

