0.3553748467133849 0.4158617010247929 0.395466886190499 0.9435373477634577 0.21020494287023928 0.9986098325991162 1.241904715216352 0.8924208498653261 0.014548861258884743 -0.013575965156937937 -0.3952326822963501 1.1518670638133734 0.32702722326758127 0.9731955037919338 0.1574739466900155 0.45156423014327574 0.8877186124273764 0.015654958444737382 -0.08492770092294444 0.7831960556499225 0.4628865197540494 0.3180298413634325 1.0216552110303905 0.993351877267842 0.04142283310706486 ,
0.5362959146966538 -0.16043203011666549 0.8597219646812465 0.17393412101865155 0.33780507264575005 0.6522694291644971 0.5815069557458534 0.36823739722207016 0.8212538190226936 0.22785429732383544 0.21183645383173447 1.0921466776023687 0.6766186169428333 0.6013236174094766 0.3698216435235766 0.5088364535658899 0.7797402956331226 0.018976299810212677 0.9220294726269678 0.9067046064615846 0.3322955357878627 0.4139429135559116 0.2815787279512469 0.07898484812425866 0.5770712109837423 ,
0.35771028776497943 0.0660422430157799 0.7996852402363664 0.2501793337033686 0.5694068247823652 0.06922607946026038 0.10735216759935409 0.4595914535045986 0.09281366461889698 0.895743074261728 -0.4439985898435913 0.8180944586155603 0.6167293835630309 0.3751448354686763 0.8139057084261802 0.8948101075228388 -0.1771646239597629 0.6913299137768079 0.8655864161225026 0.2162314328847969 0.7317866410827312 -0.30465606868903056 -0.4135235363566031 0.3200035889745608 0.5450104581292434 ,
0.4385308057275335 0.9226208354273284 -0.31928010439697385 1.0227672226598983 0.4966358969930416 0.754064276966731 0.3026235085763931 0.4644387319348131 0.024376105293994782 1.1634424601281792 0.12563084035299313 0.6022268072599077 0.4670729970092292 0.5497460659983237 0.6250840778181329 -0.10205164134614594 0.21216338492866835 0.7314714857858385 0.27659973210209976 0.3436109418322114 0.6922923596477856 0.6579324570129873 0.2622380579228581 1.1402193889279997 0.6840672712782271 ,
0.30188481470250483 0.15433667601290924 0.0284834492233582 0.4964311100807901 0.6856975172596489 1.0357722142550558 -0.17385796143994867 1.0230656356816394 -0.07560267482881426 -0.01806993972049742 0.5007601871395831 0.2495680964561022 0.8491838450173931 -0.0030953303854014957 0.9866220722746137 0.13449954342481427 -0.020886432541619204 0.24622152007136272 0.7839405711341048 0.19584347254530865 0.4777765045547717 0.07203809390061815 0.01747498834393471 1.296522549727249 -0.14373869701176262 ,
0.15923925821175383 0.1282204691535421 0.5065679042867979 1.2217217242986835 0.5549679730187509 0.24945232122183925 1.0623241271612818 0.9231040363172142 0.17338126711169793 0.21639796011679757 0.8414031222706861 0.19049689580631496 0.24139276148695454 0.8648724734940303 0.5291788527251082 0.27350688413936053 1.1725182066553281 0.3536753545127924 0.2874806068976203 0.3599339812910822 0.8365402960538231 0.12987101013622102 0.662597094167866 0.8187905105073074 0.7498501104401634 ,
0.1178888279217436 1.2291278784021822 0.6322234463682892 0.00033732966327858216 0.735016420776818 0.35531682809826987 0.7332770543030287 -0.1942185279464856 0.5595084803024881 0.4503799855018425 0.44446036497946306 0.716313341147458 0.6780031643291102 0.5312500775921499 0.059748194204393035 0.8170217178646377 0.376858994258682 1.1934816180044843 0.8512759997943034 0.15605465278794864 0.5066224189834302 0.2150027451641481 1.1864461796747443 0.7485750569852655 0.3008023351604769 ,
0.29935323793894875 1.3928951919823978 0.9634642319658803 -0.4254463569136452 0.7508434192572973 -0.14561655477121335 0.46846225531169516 0.06613058659600035 0.6342433854336541 0.10480139184678788 0.7835106116576246 0.7406474575069357 -0.02965480297016794 0.41094743009455925 0.8421482640624726 0.7145121716607514 1.1382485688034716 0.3668525612557061 0.5937459664371739 -0.1759898087069143 1.252272968437758 -0.24663061571284417 0.5861116764449823 -0.04116804676969631 0.719783561769031 ,
0.06868850275868627 1.195714403100779 0.43605269648269696 0.6284698385589124 0.06152425653006145 0.3647273473616893 0.7972956641141993 0.07614050555964838 0.48338151167396565 0.6795040390066202 0.364989531333623 0.6398541808505555 0.7351743622246976 0.27330554995487477 -0.06636238226106453 0.379240225622814 0.5969393604046719 0.4841534039003291 0.7175955143659528 0.3668075721584251 0.8573606899218141 0.9302854206922276 0.33923964132274326 0.5884941045876285 0.5630258642918121 ,
0.9344700574599377 0.031522302725044304 0.8117941277448026 0.3074674868833349 1.0467974702690952 1.4136790796151417 0.20846950743144133 -0.17479133200634606 0.05395149084650877 0.048103868047451204 0.558059878619204 0.19696704655489738 0.1547467557476976 0.10773603110599358 0.6647947629198617 -0.09375414206343792 -0.39361343199982457 0.13154674522121837 0.10788104487041789 0.41413252533612444 -0.4763923023258221 0.08799817424888229 0.7794119089777171 0.18941853988649168 1.1978703710673702 ,
0.19637869179601547 0.35695905111320786 0.7788684972128964 0.11795199039788695 0.5631953136970484 0.3777855192048718 -0.026689554593048767 0.8343924476438638 0.3693407744636984 0.22008061483690156 -0.4037429051951831 0.29119110141406535 0.09036739872311819 0.5630757715174135 0.3762626640426528 -0.19370565233366055 0.1686171322452505 0.07198369970483805 -0.04612800430552806 0.14505420801300004 0.498178913559026 0.7916024225662608 0.6667433353295998 0.29253179949601904 0.2763762718063792 ,
###

0.8926968532484607 0.48922295293413015 1.2664816078737837 -0.07361170131058314 0.522972253471681 0.5111751274649482 0.9304421463021157 0.11410167832895785 0.8983775925270447 0.054036271134839386 ,
0.4841482154795229 0.5870760109233812 -0.21654442625173714 0.7354403466775161 0.6595678330024695 0.3800732293835952 -0.32079826841799847 0.8763166872068442 0.043835537764168486 0.16727229712550523 ,
0.6831997843486161 0.9133801726260083 1.0921311857484233 0.6409457940053058 -0.22672370535746866 0.37278091811717373 0.15103228223270562 0.4476675175065409 0.6859815784122933 -0.13149932061273512 ,
0.39468171754688697 0.33189499780105486 0.2286313102664966 0.09364053005417206 0.2621261093125692 1.3037998022457562 0.07855086572628249 0.13886027453667912 -0.4845153199496186 0.2394173928382723 ,
1.3397566725997032 0.22547370602058148 0.845815177640863 0.022114396879547638 0.784648665652252 0.9520682806689568 0.5621157578874765 0.6087627516115207 -0.05194157451381062 -0.48334648661183854 ,
0.4869597461070039 0.7216035480105423 -0.2454405618430009 1.0022999978291265 0.30722105441979636 0.9581734329599985 1.024513050865517 -0.03613449629599688 0.23225005379553304 -0.19768767609889232 ,
0.4392965236458669 -0.4229632568134511 0.14929757304366909 0.7175838287490149 0.5448377267721319 0.07908830315604626 0.28541241446253107 -0.06862342821206158 1.0007035566192695 0.8414691854785088 ,
0.7663530901313648 0.300225539172404 0.5219034918113227 1.269712796299135 0.49276764316826316 1.5399535511637157 -0.1375303247077459 1.117800857090266 0.7404538506176332 -0.206060107429602 ,
0.38173851073102927 -0.07537582185828334 0.12519817158480961 0.26813908316401974 0.6037357171646774 1.4770787098804055 -0.13986476851989604 0.0015964433217620089 1.2908631186525024 0.6606286854938925 ,
0.5689209547653032 0.5571966289522792 0.316239372928139 0.4662253862366659 0.11886124684523948 1.3134665120448727 0.33145675470203007 0.6926078093300245 0.05773208260640106 0.7570781975102959 ,
0.7915457319624183 1.0544782704925568 0.411602708564601 0.4170007417246132 0.7489339954666101 0.7331607867906433 0.5955617596057454 1.135078872618379 0.3750174759077773 0.06960103830057171 ,
0.9812606584517272 0.9939014082209479 0.6257146773118065 0.943893671815592 0.1010863536376696 0.5930220742393076 0.2460410219112356 0.043518692999204134 1.1205675452543604 0.39111811865304774 ,
0.7890803688393513 -0.029019383442215455 -0.3926933844877886 0.8154242204656711 0.13507331405423123 0.7781784711130881 0.4646123524750968 0.28283567003048965 0.257291458922179 0.8098559368101481 ,
-0.22649901778616854 0.739296947884972 1.2236279486890909 0.44872345130062563 0.40772881429115426 0.08530760895295159 0.15244993692795789 0.5428503114882302 1.0826771273968987 -0.13969295194215697 ,
0.03755458156854591 0.6543711769388515 0.18976159012394714 0.9305393033660707 0.5205526311558104 -0.2533221633396636 0.5304885863800981 0.6752564907815628 0.09097790053697201 0.13151851163395556 ,
0.7367496053353361 0.9422945365266465 0.7858548799465166 0.6242086662305679 0.4692481744916876 0.26111837856611275 1.2911451841973949 0.34436389141276735 1.4769921215375585 0.5457366262997233 ,
0.36725965249464687 0.43632161333191627 0.332347874667663 -0.00857785542364553 0.9335495596512158 0.31238709734479736 0.24088631956583575 0.6137173481161516 0.4764537531381939 0.5685730141128269 ,
0.8308223630255955 0.9587991953127589 0.5217156675468675 1.0580767290597968 1.3737216323817876 0.5213406405123695 0.020220615175986917 0.1943298891226592 0.3116163022416917 0.727128027595298 ,
0.416991352309083 0.3333584496722058 0.4465199140240918 0.9700624745311466 0.03562028006793236 0.9531236185153865 0.268888918535512 0.3215533710311923 0.26992228721536443 0.568285999071489 ,
0.7001577515510387 0.8879118943228816 0.8696897025148111 0.6397770220977949 0.37720645949241116 0.9886204014633736 0.8701235577562308 1.399314057134969 0.7982879029504317 0.31311252083389823 ,
0.17216002928538549 1.04929486651718 0.8466205984625869 0.46495738126787434 1.517180202931815 0.18090659695846437 0.7766425873552103 0.4732040688999787 0.38373523363495377 0.7840767586384739 ,
-0.08502021935623726 0.26980098957986864 1.0885486966710836 0.7249438090615308 1.135504817255975 0.19495901443221364 0.1537670103693796 0.5613009459594757 1.0653266560288739 0.39241458044845423 ,
0.5141466907445786 0.7809289717070172 0.7309372657223594 0.5160640333925581 0.8365067141502336 0.3084779224323114 0.9586221155308646 -0.03991379858438657 0.6865655398725896 1.0084849969962064 ,
0.16949602914251916 0.20392912623617485 1.1523447356550767 0.3573641346969112 0.7018553325505931 0.23332978598978066 0.2705124740835284 -0.12094061531914185 1.0587375133065389 0.7077918288065814 ,
0.39620719201072585 0.16985794853804348 0.5336757998976014 0.49606785622645994 0.8506845510089796 0.2823700392260387 -0.47020586215772087 0.30763655209250274 1.052634501844988 0.8904986831143938 ,
###

0.9960179433557049 0.564241697144327 0.6502099503397059 0.5710646020733354 0.48469572088326945 ,
0.12025958066374004 0.4223128993829477 0.4405457999717676 0.09813953987695173 -0.31439119566922075 ,
0.41381117669099277 0.8290339516327777 1.4259213155686226 0.5117120725599036 -0.11703296156173401 ,
0.7447073023798102 0.35351622118952014 0.029567917890806907 0.3801569212314979 0.6700784437318209 ,
0.5623619374674962 -0.007367149567168496 0.946458859606957 0.20616143419959818 0.26126526618057017 ,
0.7477060568960644 0.38466598133762087 0.4983681831491649 0.1651978759187892 0.7400927489371145 ,
0.45554155679456665 -0.2207694230830904 0.5826534231490504 0.84992380195115 0.5116517234871245 ,
1.0787967948559334 0.8543889083460234 0.6434264529009976 0.16721489696665648 1.0462999954153216 ,
0.7774677706992815 0.747664709620466 0.6740081882734482 1.1790412412204219 0.49240928676346774 ,
0.6543128224392125 0.8607522173896386 0.9954451568040312 0.8781613264936846 0.1620182661025233 ,
###

