0.6889858530078038 -0.17932350534752195 0.8008262231810106 0.861532245928849 0.8520576912896676 -0.2484576549400964 0.7992211455002992 0.8282339377621639 1.7012453914394934 0.30594553856731344 ,
-0.387093512408839 1.339020011948909 0.8800068310725293 0.7286355515327351 -0.5742854211879809 1.3803193656604102 0.4478106623514053 0.0122116683427263 0.1369605979810446 1.905135563431537 ,
-0.5262970157210086 0.7338170305309947 0.3194420810070996 0.17633227158601075 1.2922086574414011 0.23425762650812673 -0.17803956310548524 -1.2382398909181094 0.0441870076351855 0.33947417894127846 ,
2.477371782569381 0.5491801209177922 -0.2161481232663181 0.4571870614984665 -0.07244712291802038 -1.2503258277414253 -0.5234204154000421 0.5549135463008376 -0.16097677980729513 0.34650417693151137 ,
-0.3257304900599648 -0.23905778237853245 0.8974160566364315 1.8143173232116359 -1.0700829964583256 -0.2951557766448769 0.11761297317412304 0.3346406243813009 -0.1449767534741581 1.2491582612246692 ,
1.7117853343042584 1.0973055327496455 0.25095274717997995 0.06591272631162515 0.1414346561611494 0.3863914410404126 0.5278572014805909 1.1685635417175093 -0.5807067054429526 -1.0619049271388974 ,
-0.2159516736129229 0.08713430655640428 -0.8354683805859333 0.11717065442728672 0.7245475643220772 1.0178792968608361 0.21849590658082116 0.08657652133497751 1.1210674922902306 0.2788262007097478 ,
0.034919010314418186 -0.2573690592127968 1.1274782434122492 2.5004678451671327 1.0709038101749728 0.7384755621592548 1.0478956628775906 0.6376268675584611 0.45195962241405263 0.7128579699356804 ,
1.4574318620801971 0.5039788922230342 0.22270148080876007 0.7125315291306636 1.9852279706863625 1.984542713857695 2.3236828897587527 -0.6422626459899831 0.4656013383789121 0.13425584330146842 ,
###

0.38114850931480065 0.011406880554652415 -0.9216160333883915 0.153541892717671 0.41190418419574887 ,
0.01428020826473081 0.9910564903708288 1.7003322741008944 -1.8029844847240957 0.1489347722482297 ,
2.0551286692727735 1.914088932182854 0.6696433278197904 2.874030052053848 1.3172371768090174 ,
0.07154170373517338 0.005762319642617614 0.39077562538073296 2.7365383475582536 0.24183507975521118 ,
-0.4337093560656329 0.5240108007859945 0.562044595192284 0.3544611343732588 0.24185662952676526 ,
0.010499647486997006 0.5872889675898556 1.8231005891716225 0.858804469122647 -0.017690518222602425 ,
-0.8127062054135319 -0.14119437917279615 1.1503865457172713 0.7718931592525066 -0.5156809329555851 ,
-0.4674761215865417 0.8380373295954266 -1.0888788302325025 0.018882068477543645 1.481094206812415 ,
1.4927549290325288 1.4896425073185953 -0.4860050371182042 -0.2712935540868651 0.5596964711089252 ,
0.7735463586673665 0.12841209479735588 1.8698300132619274 1.36118205167417 0.10374509357951 ,
###

