0.01900699735997597 -1.4515072376074412 -1.6439602164559275 -1.1389166572800915 1.0953336166518484 -2.7727612300303863 0.6347674073844224 -0.5707349685358246 1.2881877464157578 0.6081749867603048 -1.2212858638570758 -0.22514691674127418 -2.3347763616802797 0.31376758074690925 ,
-2.123659217426568 3.9428455232104405 -2.3463190669925504 0.31940334565786715 0.9100511004000723 1.3197912943604837 -0.6684644278849285 1.2320713358821855 -0.1908431530216928 -1.131548056893217 3.0693410960050267 2.6519519107076612 2.0299981298231247 2.1203803508733667 ,
-1.3767796836467687 1.266787995208227 2.1967092058856594 0.7048492576244101 -0.2663330565923432 1.7213739154555647 -2.675998799449912 -0.10377755134704095 -1.1392059856699066 -0.7996588013393642 -0.9338578509821519 -3.580013390709165 2.2055521781746266 -2.087960949563471 ,
1.8835634508116073 -0.3844500095350821 2.296585856283355 0.4362616729694867 1.0308987190684196 0.8667225767142998 0.17838057948046418 2.5078494060635648 0.08328493341342696 1.1676863253349428 1.418324619802087 -0.08892910988383444 1.2624324510029012 -0.8106257977148728 ,
-2.161298695757755 -0.03594097061865288 0.43193112707245385 1.8859860456824487 -2.907873344975565 2.6285351722445878 -0.6282038585798103 -2.355353420145654 -2.1068201336643835 -2.17763581071347 -0.24796602552060348 -0.36259211196471497 -1.0403407079968785 -1.1456056165000201 ,
-0.4600761312523474 -0.9542509853767955 0.778301447252832 0.15425823614375767 0.8076744599122954 -2.648354872178238 1.9544042161496387 0.47774834774116476 2.0309349903408918 1.0580646989727285 0.9698001259140381 0.3593663939204788 -0.13542533040089572 1.3158527334662904 ,
3.633601830733436 -1.3582785462755897 -3.835275051814293 2.8311158056036065 -0.0644493990511161 2.9729327837611996 4.846568918130809 -1.6641180819186265 -2.312123492573584 -2.5401962114474954 2.7384065014780914 2.036108596379298 -0.2335648010520794 -0.07659044359747438 ,
-0.11886949178589101 1.4052084711286899 -2.5524396462290304 3.594554572474364 -3.8257619033676358 -1.4670865769042831 0.5721737522115411 0.9581443373856596 0.7462920467539569 0.7720801411169832 -2.485032440396947 2.0350097246416063 2.66410933405259 3.4558928097387374 ,
5.471959503243183 0.7511202334791978 2.728166455850143 -0.5189033992738248 -0.1696693382077948 3.9924730892003595 -0.8818464860917663 -1.9733642321855827 -1.161130484586906 1.5538080165204295 -2.3112194383727367 -2.866812498544614 0.659911954341813 3.860925533601072 ,
###

-0.7128461023788982 1.3201673112556536 3.4189031151003 -0.4814983398715423 -0.25840383945265505 ,
-1.1472651870331185 -0.05604670942128116 2.2569387904985114 -3.296920485863357 0.45499918769309994 ,
0.277728047510425 2.69334771934871 3.3852618473424743 1.2478300366788675 0.41115322256508735 ,
-1.8508824014367713 -1.25810690256263 3.927672994592036 -1.1315850477477032 -1.387911634242099 ,
-0.9628933350288366 -0.2840460408932006 -0.7853734752373767 0.7073598801796627 2.2004302355858223 ,
0.7324182767187403 1.8585657104454216 2.353334178821126 -0.7822186910530541 -3.5590918122453212 ,
1.1135007691892829 1.1072586337091774 0.6849263165866768 0.4737348758149098 -1.1499829386489022 ,
0.7944177117117575 -2.403463878919207 2.077518006469806 4.383893468714492 -0.7070254304589295 ,
-1.3809915351746178 -1.515347649089264 -4.775886557940501 2.5666275518265698 -0.21319688440904427 ,
2.5329522352047813 3.7686327465404683 -2.9798190490102714 0.05761937053743398 1.8557685425383563 ,
0.8333982855670198 -1.4718434461603165 0.02448297261907576 2.606088459431577 -2.049272772362725 ,
2.5246662383429053 1.053985727851169 0.8979001958590511 2.978398624006289 1.4151032296002908 ,
3.0623944723798866 2.0238240611450955 0.5365149833783861 2.8301445929173075 1.7348384211927625 ,
1.8282868133023769 0.07574265363723291 2.2144275085445604 -0.34744584614519924 0.8806239768449416 ,
###

