0.7204687613038327 0.8351329497670792 0.7141668098610814 0.5491339858770439 0.833653240437519 0.576991953932787 ,
0.9192774308848422 0.26108838352618025 0.37897411953801285 0.45091683649715303 0.9073174482486442 0.4581574164738791 ,
0.7531207792708409 0.2645514721424105 0.7370072238475083 0.6023716409543449 0.8785564661138122 0.45015504345583485 ,
0.25399687292519146 0.07852351217555452 0.20142582392497163 0.6748520652596058 0.40030136376379 0.6966200995755625 ,
0.3195762876460466 0.5826545228280073 0.7397794908650683 0.26745226194304206 0.8596108475703508 0.9268873721862376 ,
0.32258693304284203 0.3610624176335609 0.8054782317944195 0.3487451552472801 0.16069776325321744 0.24432362185969117 ,
0.9872070930707666 0.9027117634878528 0.4800545675745428 0.017182202247677348 0.4043141800280711 0.3355496179051837 ,
0.8733244827004089 0.43765121320260525 1.1092307744060121 -0.2276353970070335 0.4519061511812919 0.5839551280906838 ,
1.240047520524843 0.558337393585439 -0.1276782835183046 0.33523872153098233 0.5879710275422114 0.7911912916569507 ,
0.3225276481571273 0.716887087694225 0.05532241827854606 0.8425835065845834 1.0367573536067476 0.6557676778105413 ,
0.2007192105043201 0.2631952942322578 0.4449110611016447 0.6683544244279552 0.39106201122590983 -0.07091843078056395 ,
###

0.428905787190518 0.557882095894115 -0.17433410476582495 0.09570272855633644 0.5589136970633584 0.34752929076557565 ,
0.8721744779035236 0.737846770242034 0.5041515979885575 0.7015568502544502 1.0287922946982118 0.532768999635767 ,
0.5802985520441534 -0.1276952238292972 0.8034743955888222 -0.05277462255757587 0.14117739845156208 0.3747756433327498 ,
0.2525901120529789 0.6559863412723028 0.6973696373940178 0.5211830084068846 0.6519269983305739 0.8260397864337181 ,
0.6153093043036606 -0.12467076144013259 0.6794013748138452 0.22507700878494027 0.650415205364273 0.009672950032379581 ,
0.8711422959465954 -0.09984888258931204 0.3770136386006434 -0.053460657951804436 0.5004768163943795 0.8158952067826749 ,
###

-0.11638259678883703 -0.05105766282394679 0.3505811401281071 0.14289741411382115 1.034454215172316 ,
0.24944407447484993 0.7471779731562185 0.08988872840616575 0.6196857869027804 0.824745075299217 ,
0.5209972053742695 0.2050840409405592 0.5061265841347354 0.3196020964067827 0.18971291482559136 ,
0.10157137400858579 0.06319642954690963 0.2632975132897163 0.9192844830596842 0.9745573319860921 ,
-0.12143150227265997 0.6873410569639454 0.5353882697249852 0.7218265110327067 0.35890951979095453 ,
0.7302009513318481 0.2526471534660471 0.23873754400005673 0.41396779238841325 0.49052289198836796 ,
###

