-0.26490616122614713 -1.111848380502136 -1.2119936225123409 -0.937331035501072 1.6443985652722914 -2.146180974516492 1.2988807053085525 -0.2794387991722204 0.571161396083577 1.3171629289747595 -0.76604751257601 0.8414746617782479 -1.842236396484763 0.22465547340509862 ,
-1.9665292237451562 3.433639576866983 -1.9961547177656969 0.6159102286228986 1.147206136190901 1.5043850067970206 -0.35060463733795044 1.1343907406490445 -0.2280818964659914 -1.1202121282354685 2.5832363515692567 1.627679197809575 1.3042039449808853 2.25990319190532 ,
-1.0319522416457347 1.3533868776364686 1.8010242442063642 1.0351411748799721 -0.7948946264308439 1.6256366233864037 -3.225001631293745 0.42090885925294347 -0.6837075197878045 -1.151372331402614 -0.8958786182388981 -3.6641262082484323 2.990598921705508 -2.297528055806293 ,
1.7490144135429784 -0.6675911785287468 1.747486194595959 0.4836489185391468 1.3052851781258177 0.3758792541678502 0.44104846750934457 1.9232912997133467 -0.36392048907514524 0.8811306147137218 1.1296877160862102 -0.07735396235732046 0.7857915773791176 -1.4648059161537041 ,
-2.317884242963397 0.17988067152039688 0.7523017892100212 1.8727676316952244 -1.9719719126971316 2.73894844314668 -0.6097135844500238 -2.5212164647935653 -2.408009598271612 -2.3230827834729375 -0.3580372590720332 -0.39213584655815936 -1.4979623930770667 -1.670738516476356 ,
0.2758369730802164 -0.1991545982991178 0.31005653335318556 -0.15707367819609386 0.8573278867871086 -2.3135496781802 1.6597372364313472 0.647724633651536 2.532941834968754 1.392901034512558 0.8522233668805086 0.7867340968900519 -0.4510741238960767 0.8256910791500276 ,
3.5450106633661953 -1.1425278288577805 -3.6493260601505044 2.5077054238592704 -0.01757980816365054 2.960679972465963 4.438535059841385 -1.5011350497478646 -2.563900626883021 -2.6473255642207714 2.905071459609976 1.2940460383976278 0.2691842256125192 0.08350578793043227 ,
0.14998202668219135 1.828811502242029 -2.076466083910808 2.659555768330464 -3.6992900754664637 -1.1594606317123963 0.18411159842085356 0.3638701634538334 0.25304049348672675 1.1613657664299244 -2.0158935420266166 2.00350331229389 2.6357880885219176 3.233095507367569 ,
6.031595610054579 1.2818813964754718 2.6605197955202 -0.6187866808812865 -0.866869494584755 4.236658653465674 -1.0180218953845288 -0.8316835069091499 -1.4099566410583013 0.9168172066161394 -1.989192959543029 -3.656788490437509 0.9795050917438245 4.427808417816245 ,
###

-0.38992158274115196 2.156551581708317 3.1318744931351947 -1.1873849433783816 0.1604578610404327 ,
-1.1396063579986615 -0.49606264056609045 2.097409193153967 -2.818348423120355 0.6047224306361585 ,
0.04021691335708424 1.9874706626122167 3.7865664615954393 1.0766775940588216 -0.23904265647100795 ,
-2.349239759455592 -1.3049156700673907 3.6993111693102385 -0.8891959748268828 -0.6078249210670721 ,
-0.4598615222654582 -0.2558956186202576 -1.033980625776136 0.18358495584505627 2.611163047351672 ,
0.37025139041792393 1.484459283637972 1.448556185732883 -1.2872265081583578 -3.7695359420868777 ,
0.5588326278833678 0.9025488646718043 0.3211234838628275 0.3649784872932802 -1.3390983558605631 ,
0.5153852921225005 -2.5263998785033084 1.965088690844767 4.446515570084759 -0.5272398009546416 ,
-1.3922326001920995 -1.7978797208428157 -5.384344324187884 2.4856891791898876 -0.29271264091849536 ,
2.1253448520537126 2.809471287737603 -3.0405496442795386 -0.17032949689145188 1.5988441501490216 ,
0.507801413234302 -2.0004333196393285 -0.02826334909212524 2.424869755941332 -2.0242711798722097 ,
1.5918974304573543 1.3567130172532023 1.1427256394879046 3.075273714312697 1.1001599309649448 ,
3.2229387684717974 1.2745036097702764 0.8171883033593196 3.356378024081982 2.445034863840688 ,
1.9256087473577885 -0.07989780317450451 1.947152514391192 0.10041607569198006 1.009703997765894 ,
###

