1.015010379928175 0.705365875325364 0.7945254553371417 0.769538963115713 -0.1752677552270158 1.279766755471782 0.6342740346312061 0.6235064112135397 1.186358175959479 1.0736865670335292 0.8795334138492595 0.1854142371615613 0.7045438517498259 0.7428595627421314 1.0761855018147501 0.3526324230296491 -0.09256398109980929 0.5200725241676831 -0.021508741735284803 0.5730323543265142 -0.1638249865602453 -0.060377807133386446 0.2954545390488066 0.7751880905344979 1.2733367605507582 ,
0.5928937086160533 0.4351850267305859 0.7108022826524647 0.9648748415832241 0.04066831352016953 0.3552467254011238 1.0164137813990397 0.28459627432216933 0.7202767181684215 0.15509873503673524 0.3626855019356024 0.4402932971894169 1.4008806188118261 0.112814278270184 0.40265445028642355 0.8519888208667096 0.10964805319075191 0.7062792451674489 0.7880921937228862 0.5285498860349511 0.8843810934061773 -0.24354739258613006 0.1766598886732637 0.85942664810379 0.9742898614943509 ,
1.1445145769315606 0.8870027162476213 1.1536307844101652 0.2147858659246312 0.6663186077197938 0.7529046109941216 0.8706087826267047 0.8441044251447657 0.9453975683754674 0.4329514958022467 0.6973546374938246 -0.10083973771404901 0.9959388398239433 0.3076977859076395 0.37357117375800397 0.07429868926951878 0.5743655209790369 0.9496027494725062 0.6389510325510587 0.18279530701485383 0.9680813025391696 0.8866884159130919 0.6344557040873016 0.30605434366337136 0.06324115643177558 ,
0.6364799985664695 0.007704420349941538 0.366211683693831 0.19366526641892146 0.49473796362741906 -0.06549184455602677 0.8482219894303085 0.7364714180387696 0.2991125983846183 0.8784170854322592 0.6171224104833788 0.7791493526437533 0.40855939827649634 0.36880360619870356 0.8478216903664968 0.5873203189170062 0.6275211361462183 0.032777237582227114 0.9231440620127987 0.34023853902637063 0.547661247565918 0.345695111152751 0.9470606112925983 0.37222324807415286 1.3909883299797905 ,
0.1991014576811938 0.4288806944134689 0.08813172573427788 0.2283370012568086 0.15975717351597363 0.6495534524245757 0.08495174432162196 0.7269206250229133 0.5848895691118616 1.1857820255646894 0.5579372829535529 0.5539972427479143 0.988358563942207 0.26535340378104977 -0.10390956733510645 0.5460202161389339 0.99114640410282 0.4016921922367678 0.80676747154411 0.3112390901738148 0.20597543005843924 0.40990266132954695 0.40463513658856537 0.032120042123494036 0.27798555281294623 ,
0.3957061217177213 0.806047553751199 0.7800088094498527 0.1672606756361705 0.28624997602147717 0.7893564140671965 0.6372178604897469 0.7349084364598177 1.0809444038915095 0.6814822811114842 1.0627077163323049 0.799876138739108 -0.028593483760587096 0.7581239987561084 0.17902428664500258 0.6338559907003902 -0.0871888158663314 0.9131383637389562 0.005191930970502884 0.07082622081599432 0.36596858767997714 0.6659819265083186 1.0511560463376088 0.949661730987595 1.125311384214279 ,
-0.06091544304551454 0.814959587342315 -0.1967834976572439 0.4934704061306605 0.7215768536330003 1.0204463790995797 0.8884367320672957 0.27190110006472246 0.5643783441388506 0.1335794762288314 0.2900297133268501 0.32948026405233116 1.0344426741475754 0.5142520034062165 1.0792271253725185 0.41795921658413526 0.291997267218364 1.342839553882572 0.8789555792700124 0.30283778975626974 0.5498547534114584 0.5082352042299357 0.3850357481445673 0.34236713993196916 0.9514747951419754 ,
1.21921206710226 0.7279742713461953 1.0310230447429627 0.5216113587890663 0.5583483615486018 0.6725767504641884 0.5372038882822628 0.3280770126238732 0.808764839503566 0.47295434342994563 1.2304582708698566 0.2916044027750331 0.949148527903484 0.7569185705998637 -0.004031562874364125 0.6977453999802983 1.154918659564878 0.9244639126891623 0.7762241410574193 0.17992777683948868 0.38780314965281376 0.2998769900167042 0.6180714386437708 1.2457208918674931 0.32876710514665797 ,
0.6765317141555532 0.5353163701493774 0.32790973166550497 0.9025768492699551 0.8240073035102218 0.6332607276715563 -0.2472045632259288 1.1872118416905415 1.04457966629312 0.5560221913810925 0.0987443758734064 0.829198640325209 0.6342814295114367 1.164554673439105 1.1718165673999612 0.7196440989186332 0.9281482810265355 0.794694075347287 0.6052453220303343 0.2638220543376858 0.9404208120026972 0.15237059544371379 0.19939854760013037 1.00763103525163 0.04019295789715353 ,
-0.06598298848217282 0.21903902092761224 0.5383289548440298 0.61661692714188 0.9443390122094055 0.4851413535962004 0.5984101315637674 0.49679503057582364 -0.33168203810377306 -0.11030237254243902 0.38359971111234364 0.9714903105450127 -0.28073524001444405 0.5241823410694233 1.4570034631261939 1.1971365291297649 0.6748373530560943 0.5460906617435295 0.8220222394650221 0.7764802267119666 1.1692993324390601 0.29671835918126965 0.7467108264570651 0.18944495660464045 0.05157013353446187 ,
0.3851342291711195 0.3102591660280368 0.34425253789877863 0.0646544881386637 -0.04186759801950278 0.08873841982855213 -0.26435053494472444 0.9162961302350814 0.460998176847054 0.7560744312607366 -0.018311023947675753 0.8525320856143462 0.7662223679899105 -0.09347437454419438 0.6591643451318128 0.7833535947628807 0.4321000932535317 1.0466352267767638 0.689933185643372 0.4817485770519765 0.8954333044675017 0.22516209205490018 0.8724818829374339 0.3349862811813723 0.6417677804639114 ,
###

1.227911642979895 0.35403142583999425 0.18196932354209155 0.573895374237648 0.05315642903606346 1.1026837538200884 0.6687063511627764 0.2914294000723232 -0.1864684097534372 0.39758633037313335 ,
0.886816502458254 0.21744402045704497 0.2276130240280753 0.9140638059243933 0.9492861595304686 1.2362319480238662 1.1442748058744332 0.43047456006936125 0.2706464741940711 -0.4941292113976165 ,
0.3627172690839978 0.4757379891366983 0.9204952592220139 0.43403344164705104 0.30585854326494877 1.193212908441688 0.5760860082449131 0.6799169096377041 0.5261650471754575 -0.12574904066343728 ,
0.31190033791814786 0.4985897399839223 0.04088484002585472 0.5415263959039623 0.33296821807496335 0.7889346134510459 1.0593577194402521 1.0093506991778929 0.27750185019949986 0.5281891658235595 ,
0.6885490386223388 0.5997124673884362 0.32025165522651333 0.48463773280845396 0.09293629456408022 1.3136917584369452 0.118963193960236 0.6248555288452617 0.723678435138996 0.33827134505103806 ,
0.9388506241363407 -0.0352171644752413 0.4232762349579342 0.8174506250820209 0.28569207559891224 0.812197696496887 0.2042518020271296 -0.03222142358699773 0.26515797220416515 0.5521537418132644 ,
0.4413744197130719 0.7000184210463567 0.9442347556173138 -0.18821607452793235 0.5685512503908358 1.0074414855423597 0.6083366165018073 0.9634448595920245 0.5622544097235455 0.19856195724515238 ,
0.05170311260663096 0.6259509718696796 1.0116523868632272 0.4269388111914782 0.5916887124782 0.9391138461952273 0.8097333532898106 0.8226276982179738 0.16558857128233495 0.6854150476387779 ,
-0.2196696911446921 0.13284152624642076 0.42037661078962996 -0.24104642472834206 1.0422168658644677 0.22259368732480414 0.3349608864497272 0.9813350135240908 0.3302317720380564 0.36542522676602773 ,
0.7586693639207581 0.32832978184384365 0.9443956917931542 0.4261903786206952 -0.20737702678808792 0.15430287961052297 -0.1008111321500538 -0.31588512212153635 0.6670585999885627 0.7051141078342592 ,
0.09147797209794889 0.6068441709177622 0.5209087223653865 0.7839387590064081 0.18795509861415788 0.6613403912241133 0.5751075873378114 0.5491832798726838 0.27866565836333673 0.7100288207441017 ,
0.37981675681429683 1.1110571703958756 1.320110411132949 0.8524372749511215 -0.08383625504404574 1.0234969203163433 0.9209313270463428 0.38898275545430455 0.7906417067583802 0.44097419794585924 ,
0.7494616289597348 0.702714901807276 0.8602531248435017 0.08084646471769763 0.16554230914032494 0.8674966472357328 -0.0025297947707313695 -0.05486956475277466 0.24899350507142215 0.2873059013672626 ,
0.40249182233879516 0.25393197930428546 0.6046411608955624 0.08554478866521881 0.6605313117742206 0.5535556352199829 0.014578823622887954 0.5885391418636589 0.40113683248691834 0.019519718498836575 ,
0.7202748271571 -0.10228710020170645 0.18161428103872573 0.2512689433587292 1.0872635379952507 0.3086132128214761 0.4127682602184192 0.40845373436124577 0.9094039945073874 0.5707943016762362 ,
0.42956427208152126 0.8391107734879485 0.7864528606527673 0.07331482469686898 0.6849374140216704 0.33612475389055285 0.4616222200403285 0.18758497069207733 0.4165818979145437 0.09705064453680964 ,
0.6840144302520935 0.3628214804101375 0.9840218063850794 0.7799842124285227 1.201620392764611 0.13305427285110066 0.0760522120084004 0.9716562710711353 0.26540802151170056 1.2338512754526707 ,
-0.43390027802108166 -0.135479447320949 0.4042577591973542 0.8890599522906322 0.29013673252464 0.2144914579181713 0.6858858807738955 0.46685821903577995 0.5639920588353705 0.8772965589596762 ,
0.3027370895671308 0.2409692651636547 0.8001719241926467 0.3517026721763266 0.5767248245995347 1.0273561737825159 0.27623192384367595 0.22434886715224261 0.9348279649235116 0.5456805245285924 ,
-0.16190651841615367 0.38161462714212097 1.1232364928773835 0.6627176789288558 0.6193791905310644 1.1366079334011383 0.6830465777775871 1.14230967950653 0.4192455839320991 0.8426483846403607 ,
0.8508051630535821 -0.04948247324559818 -0.21848361088042714 0.19542780524090814 1.1012513242046633 0.04077052530246375 0.493056783956219 -0.018237661349611745 0.7135039462326622 0.5203510181608423 ,
0.011842367222973618 -0.08505850613847565 0.27451078219853586 0.37109829212416134 1.046357520996124 0.8171255161726172 0.40541674675874917 0.5074747575431033 0.4034219851913727 0.44727886864496214 ,
0.152543855903861 0.08067644643288924 0.5402370503160763 0.5761781584969052 0.6854059277813345 0.1387834637789202 -0.33356260603622945 0.6374118082588061 0.43864190834973643 0.0253553347046392 ,
0.5225487189523369 0.7417940526339749 0.8554898063748417 0.6930332938846534 0.26748267740618814 -0.47167229677285316 -0.2023237227476078 1.349922969184565 0.7778352267435883 0.10742880371112859 ,
0.21630983159153266 0.5457011170827143 0.16035575500380483 0.554876395893599 0.671540123674047 0.7520574825996948 -0.34313068962253834 1.0057565246540672 0.8852379221026487 0.3140951797800327 ,
###

0.2827589579283604 -0.27634858191799117 0.5857303470197249 0.63216321753151 0.6124945236062069 ,
0.42686318736015777 0.4948132969608586 1.0918391486203192 0.04395707439359636 0.3109741269170858 ,
0.1186484837368462 0.3486055459894739 0.570370586525401 1.1586294639906338 0.7713205301278446 ,
0.24097515779295875 0.024481248755695503 1.0176994183284522 1.2701342235996531 0.5613502461529727 ,
0.3745957713981363 0.36500014960345195 1.0693931952671842 -0.06949776000349248 0.6492214621062724 ,
0.9764016688000311 0.17100595420112602 0.734478185339466 0.607726721643779 0.8501843193865978 ,
-0.1559070213971419 0.4424612464471343 -0.2517556898698047 0.0643858422022281 0.5365780942996138 ,
0.08632371236567618 0.08868366350764131 -0.04270556619188372 0.1872275427563009 0.3620050375828381 ,
0.5304742005904051 0.6131293457092721 0.2776760988877305 0.7291993297913973 0.016824370524425092 ,
0.2956827246339643 0.9048282412279072 0.31912731423490537 0.6795572165953905 0.6220294758033684 ,
###

