0.9661557436226518 -0.2899931932227964 -0.16214121735899734 -0.35416414439986466 -0.1349490066987047 -0.6672195980568933 -0.6254047709373345 0.6084591379400368 0.06254353616287656 0.667478753369837 -0.9221117066735434 0.3950832447139887 ,
0.24026351199641827 -0.7785198479431927 -0.012190151762084822 -0.7215195689791714 0.9901910080457892 -0.344589057214743 -0.7662629268471337 0.21108085906005347 -0.2627117442881315 0.33810348598178286 0.7881427818989972 -0.7731896744364002 ,
0.7380930748956218 0.12148435752690956 0.3748064494125458 0.8795810578490553 0.7905265306747555 0.7509524763025655 0.25435384677799777 0.7553371037345054 -0.5720432497788619 -0.5553932235162446 0.27279373089221415 -0.10920964996444704 ,
-0.04041157817905705 0.8725204298823421 -0.9619551820817862 -0.20279905373878782 0.8732033846607914 -0.8322476926551305 0.3426059760347113 0.8198428892400946 0.5432751178692949 0.3131650414618967 0.9440041850273024 0.11596098008833255 ,
0.1091595158290406 0.11915986667301648 -0.40351771418402316 -0.13429071303356932 0.9327715107040235 0.4817430968306844 -0.2443582920926377 0.34241929796399395 -0.8222652323062982 0.6067306680192988 -0.8021807753034476 -0.6661657945097792 ,
0.7443756996378723 0.7784063856141796 -0.14136833845529861 0.879224849401615 -0.5923020657818585 0.04885804160264584 -0.9800259887093989 -0.4128871275783941 0.41711210965568957 0.40470243740526013 -0.7619515708527496 0.8942189511683105 ,
0.9193621957063465 0.1660349701303958 -0.44313789392202785 0.9737350545965417 -0.5585513461213121 0.30847351665898226 0.517354438947307 -0.46609274791316024 0.5999212036308621 0.06254251436381697 0.11967059690859871 -0.8379621418412371 ,
-0.8392984820760421 -0.15185792659945485 0.3389845846698607 -0.22635973438945123 -0.8818407995014719 0.38857921212223845 -0.07798115166854824 -0.05050882898848941 -0.14325150893416372 0.6362239608431297 -0.46931712476543685 0.22703232586104805 ,
-0.003699169495920085 0.5054528341764781 0.2295959444360982 -0.9326346748232237 -0.06740465263199802 -0.610923885274828 0.3557566389365472 0.8314327828717007 -0.9798161853509355 -0.7931219324433398 -0.6772443623735533 -0.29982688482374265 ,
0.12743613373799056 0.9164429729510364 0.5247303214193806 -0.48599775301427095 0.978299552571928 -0.8490330501151802 0.5208631903424268 -0.2993448688734639 0.2999782301714864 -0.810824585895513 0.20704385734570319 -0.050689884630002346 ,
-0.19562461770301498 -0.1147558590842106 0.5376505870230806 -0.15871206358462087 -0.2994549984638246 -0.5111962878399636 0.7241757413695253 -0.35842493174747414 -0.2275805419306407 0.9993631921534152 0.8140990925366567 -0.0960853749062649 ,
###

0.6950661898184436 0.15754879003516797 0.709431572647848 -0.8264555672922387 0.4585456012105704 0.26171851546140723 0.33959400077128055 -0.8435012918155582 0.8910815105338881 -0.9403595625559411 -0.6233881373561319 0.2545623558731229 ,
0.33981001511896536 -0.8500364684446549 0.7258530291647556 -0.05468771919579307 0.11004538972687983 0.5693507450237261 0.3632048214020316 -0.7620476985569975 -0.8050651989612445 0.6199010803941458 -0.49468817541813426 0.7686880154362659 ,
-0.5331384317639201 0.7622246920666911 0.28176810898178273 -0.3455292260114844 -0.19513620070483162 -0.46596400997851006 0.024718166396273 -0.7347160579788528 0.23914895098549094 -0.948617286142792 -0.23581347046911572 -0.2592875713355032 ,
-0.9046538573150598 -0.4546929587923676 -0.18408418186406217 0.36707382943964184 0.25958588200092114 -0.8136576142813294 -0.28891454404673134 -0.29170561162718567 0.6682610467661481 -0.4962287881878382 0.11640613466454375 0.5142944380096306 ,
0.3009800150280424 0.5389231865836945 0.23988499830627474 0.5839389777209925 -0.28225489457353503 0.840580794225358 -0.9078759676367616 -0.5565318155472323 0.4726420373303375 0.5406116872610436 0.8380359141921399 0.1870522018322287 ,
0.7289771294165637 -0.18824519671687412 -0.29117647685061865 -0.4224387218246055 0.2429378847095831 0.9786188808699967 0.49423526531862794 0.7283436893170965 -0.3649422164901257 -0.17186610221011667 0.8155936754468422 0.5364390412136382 ,
0.09897150774750663 0.89360758591629 -0.21661173805886125 0.3012086222192365 -0.6227590924962361 0.6001247317500837 -0.22025210247231208 -0.9850144957680713 -0.3686213548614721 0.11644129436057638 -0.5188637197932393 -0.8032784949590333 ,
0.08993660768874623 -0.999668658573821 0.20356312507102525 -0.9265791589537591 0.9319493186987124 -0.5832880184423361 -0.004571185566013769 0.4241059945648096 0.2183220109991455 -0.6477045692702725 -0.7173173035211255 -0.6807471481173559 ,
-0.9911259399453174 -0.9386050548607006 -0.41312785972451027 0.6826094376299758 -0.6366009682044522 -0.4965154156473539 0.12146361861141819 0.9655003894636869 0.9099766152188373 -0.4442710215765364 -0.399225182298357 0.22849341308667026 ,
0.8010872027212581 -0.22304870017457645 -0.19810815365598433 -0.19717012515718269 0.10033591791990326 -0.4319326647944588 0.6598068078692763 0.17868400981592858 -0.4690618990370279 0.8811940813391224 0.3711142152047384 0.22325138752092077 ,
0.22987338748307073 -0.9011374692977008 0.43893497109220725 0.037738401514886055 0.39379823301907324 0.24676706476800225 0.48411289331946317 -0.9689769785991718 -0.970269243923275 -0.09706142110446447 -0.36036675251082717 -0.2328758660015633 ,
0.2693464909782899 -0.22687920916121662 -0.5149300805011201 0.27912044043706485 -0.35066214029064224 0.6695344957098996 -0.7466304208269745 0.4054340465013795 0.9516956941351173 -0.6811479398880689 0.48921033539854486 0.167247989722755 ,
###

-0.9924971129876292 0.17554969661363606 -0.35491254629996316 0.030427488516526102 -0.08827863671659664 ,
-0.16612944621578096 -0.8924845972020681 -0.3019013159616888 0.626105283584445 0.9269196413485372 ,
-0.5757981756142023 0.9910203669469653 -0.9615592524477312 -0.8966538041032788 -0.33653703324081996 ,
0.31815131586955236 0.3324388740596469 -0.7984550781703004 0.9494214771707814 -0.5836596635612281 ,
-0.8999241682070902 -0.5494544130421548 -0.05466652035656283 -0.5271105510608467 0.4203538475840014 ,
-0.14699779815749658 0.8859751426553988 -0.9805545335912873 -0.3025818068351187 0.29511128024736055 ,
0.17541032058473882 0.9652098730576837 0.7557477965885482 0.3921972582780331 0.6433919159280332 ,
0.7779598428100984 -0.13267372302844072 -0.025582126997043764 0.6993863045307485 -0.887299646127921 ,
0.460189948928184 -0.7453625883977055 0.33712675644634915 -0.15938470401740945 0.16742315406535146 ,
0.10732394209337826 -0.00037402316931145485 0.8248441951682366 -0.13170427259708872 -0.7593581233047069 ,
-0.8794279718668696 0.6841957342742255 -0.1520741181848584 0.9069208143687664 0.6146915814259404 ,
0.03805097626481624 -0.5510760848901579 -0.0026558109253815854 0.102100654820664 -0.8885973503738664 ,
###

