1.1627072913925074 0.8940190915088755 -1.4247358031231971 -0.43406974227793843 -0.03116975911201421 -0.5829348093616485 -0.3174700702669369 -0.6132677426351154 -0.4161987676489932 -0.503161493290919 -1.6324283560574588 -0.030142497475542613 -1.1150496075463467 0.2827277378756599 -0.0817275149047695 -0.275141911849342 -1.6609500744030812 -0.14996248366772916 ,
1.407524622747888 -0.35052454629750357 0.5987522244527452 -0.6205637057297045 -0.5718212629735313 0.5444775345658877 0.24870502741132527 -0.38143909428120804 0.36242563272635664 -0.49185595350191924 -0.37737936289374624 0.6498343267675322 0.905022083185006 -0.957200921991839 1.8794321766754243 0.6083135109852518 0.30526893956589124 -0.10759559444536748 ,
0.31555638497062743 0.32113017269912764 0.26848689212902593 0.5638236344651024 1.3172933752345803 -0.011422787283234967 0.23686279471663552 0.27103637426730065 1.3371101042687845 -0.9042453405891981 0.23923779741450826 0.059739010083043415 1.0368958664779573 -0.22177670630457164 1.1081445495226039 1.3361150940530253 1.157679121864929 0.24027472441962283 ,
-0.9873996519628694 -0.4716389051244164 0.005036152508015382 -0.13992194592102905 -0.6247977255184263 0.3293465099663522 -0.47916408359920015 -1.4208428748678081 -1.1415045413166565 1.5776085795229453 -0.15243588930194693 -0.34624238067771207 0.242855508576728 -0.3600122385533325 0.7675215904534344 0.8729272059064267 -0.9602701580834052 -0.32152022427953175 ,
0.7394069736476733 -0.011516327101594004 0.3322971729313986 -0.5140527123444686 -0.3106368810296423 0.33038194403463833 -0.6621191802414852 0.008615586559968224 -1.2225530051715954 -1.7313991527457206 -0.3490906426198425 1.004126744536551 0.04405700414970934 0.295161019104864 -1.5219686034862252 0.7096711680117637 0.733069847850691 0.3716648719274665 ,
0.8730196505235311 -0.5195317517755713 -0.38543855397146515 -0.07502324468646276 -0.1645585335968556 -1.6699187133865587 -0.35113630596570794 -0.21281025648022056 -0.8180730622184307 0.1736742351539382 0.3290334806847718 0.7342406907592671 -0.920307730816574 -1.051275322766685 0.8426561733631914 -0.7639251223603378 -1.8724878193808105 -0.4907647522221351 ,
0.20831427021849255 -1.005980060862176 1.058043790516136 1.1525357262485523 0.0796788513477955 0.1716832647166293 0.8350907851329217 -1.7600604888560094 0.30875913789006143 0.28152016483281694 -0.2993969541008126 0.2766708762139934 -0.02633059315333334 0.4835346170992072 -0.34272785766235836 0.20123236183306634 -0.13163091055273174 -0.6558121202579299 ,
-0.14354136331489936 -0.4868115809816791 -0.5991143497362066 1.1070361637492696 0.17371345842140865 0.20503689876984166 -0.033649122603292114 0.0055496675728525235 -0.3420653112776798 0.6842322234159474 0.9756942015230572 -0.735708366662482 1.0377319054521015 0.8612141124311073 1.139696621695972 0.6864609050138817 0.5605723252838293 -0.9100621911395286 ,
1.0173060494843627 -1.0136654165555259 -1.2423064149655187 0.16131028009545004 0.9435802705260387 -0.4754482788538097 -0.025201649455337705 0.05049701418261299 -0.9159342726656131 1.6407737133697977 -0.30581257549370394 -0.33101695545201626 0.578207623000656 0.2884340204497942 0.538359155687673 -0.8092678772354021 0.019992898605639547 -0.4907915065430034 ,
-0.420176345898968 0.7617086520776378 0.34337715141737224 -0.3712108416577228 0.08288081732542282 1.0847346231862232 -1.3440495792687461 -1.6973699282182597 0.9524512272428147 -0.04346692810134109 -0.40538659329234145 0.19257278301513062 -0.1070570484208093 0.05913419722660018 0.6907495264368082 -0.9512068578518148 -1.1004953906688766 1.3048511851049227 ,
0.47413195542915937 -0.08053990443401374 -0.7713083422980368 0.7447106890046198 -1.1484963920169127 0.9287689297236328 -1.3165864384894075 -1.0242866325046456 0.8638340639787125 -0.17950754889498954 1.0676815855961508 0.7183778540693788 -0.8270806636618613 0.380916204769231 1.3504576323268322 0.7286945476518143 0.9795583540304436 0.5431598078072075 ,
###

-0.40851555220687996 -1.4609438789714366 0.26903820119585475 0.7171800473486547 0.26425511055827033 -0.36425326624695475 0.40260298223890156 -0.14739498878032686 0.5479070645509245 1.124683403843708 ,
0.5320278282843587 -0.43381669924301397 0.5885400290578662 -1.2039744465545024 0.8062091921466666 -1.0289217436352358 -0.8202533563508663 0.5720418481725905 -0.10608557051990494 -0.4020039008919222 ,
-0.41192452561432935 0.7199801449103036 0.8409331523900719 -0.9559898247106017 -1.5941886261771863 -0.018135945999131153 -0.5942695856587479 0.3344042076953234 -0.09900953222006384 0.8912384264338354 ,
0.30512423815628376 0.8424347596140078 -1.677875505755269 -0.14280469574482846 0.6057224547332403 -0.7807610151122928 -0.08895903023976622 0.4226378866050404 1.2957783015835997 -0.030839735034168425 ,
-0.8070731427773996 0.46625889358481204 -0.6086078055771948 -0.03836423480270837 -0.7374132810873038 -0.9428809535851922 1.3685361783663146 1.6937765644599718 -0.7704785143131572 -0.6589748188599496 ,
-0.1414577174181972 -0.7902215978377582 0.5230100923216324 -1.2178136116266591 0.7222943038165147 -1.0229772850020762 0.8556722364564266 -0.795399837029275 0.40276967756291826 0.0384234347941782 ,
-1.3030976526752729 0.5976488990263263 -0.30217367850772087 0.8263422002558978 0.2090763422901851 -0.9698293839814585 -0.8606278025565123 -0.05464185045141867 -0.630339497729765 1.3299086637499018 ,
-0.33659233024420093 1.041045517857652 1.1669875440121444 0.7363355865312671 0.8346570579997497 -0.7880812423927903 1.7737712368339458 -0.22579807585262424 -0.0071486645504407476 0.491239778575061 ,
0.50009245256894 1.38394139092554 1.6930697546687417 0.00944894234372301 -0.1672047002599799 0.05613752403471883 0.7429386671899618 0.40925887478130485 0.27273662747868177 -1.8979996004346007 ,
-0.5931387081030166 1.0503142609512024 -0.9663641167844709 0.9701552738711503 0.6151018144292457 -0.4871377962970489 0.33412196386402104 -0.9745970220026294 -0.1670270355848324 0.5936274140591058 ,
-1.2097543305000042 0.7309605671939522 -0.0711685091771706 0.13978986742025318 -0.14753461794850842 0.695289224620501 0.8209427447632698 -0.16551508821925714 -0.5705609437048249 -0.6195464840553384 ,
0.20823263214105456 0.6026088542440867 0.3760053211555288 1.774819142221454 -0.3217951054270798 -1.8329385702553396 -0.7751827964513484 0.46005269215365063 -0.13102708194179785 0.10292166919303841 ,
-0.26174248073413375 -0.29357946932973605 -0.5011448598411223 -0.012557504561337418 0.21787154791279378 0.264621680455763 1.0967245302856765 0.21071390221453645 0.9060261672414602 0.31315147321102677 ,
0.1621132855451555 1.0334367027367235 0.6261314977467463 0.7216424899189671 -0.30781145284431033 0.8384754676546173 0.09744142655834423 0.5238259005274392 1.1846282392939151 -0.9925350130382294 ,
0.9063593996746452 0.4365121083190583 0.44641694575628926 1.0420111114510402 -0.6155884443819196 0.6416172950900156 0.281960304184817 0.949336389109807 -0.6803491656330798 0.7273761670357868 ,
-0.6221411599388704 0.8989544558387 0.2989225976890317 -0.3905822427115423 0.5201540071951907 0.04732312576325032 0.011418524075700459 -0.6639828570282862 0.17057493854081493 -0.7549516328462063 ,
0.6309096382984116 0.1916516144209842 0.003315031793057893 -0.7745977271095784 0.9015751897302146 -0.7030259785401873 -0.6435928161401817 -1.2146389608637431 1.069503940952 -0.06031259591988161 ,
-0.3294681247085751 0.7977342425707257 -0.8585480892859655 -0.6979550019720977 -0.12185053455511599 -0.999003391999837 -0.6338221248339463 -2.0113014363544672 1.0280877034319282 -0.8370434078213453 ,
###

-0.6443450520033347 1.8126006760336395 0.17467635769976642 0.6253105703482357 0.15268279373471585 ,
-0.6173728754703249 -0.5428584868767095 0.4044082755673496 0.09380084962597152 -0.10529411505366795 ,
0.2130340541453627 -0.22896368694156488 -0.4160963823580571 -0.741962127089203 1.854012367721936 ,
0.5759947448193425 -0.3555578852111899 1.1566680410417747 -0.5014187176932334 1.0803150425794965 ,
0.3405373617712357 -1.3237929485010955 0.002589286430640471 0.8428356985099806 1.37046617782947 ,
0.33437339682707556 0.9256380308658592 -0.0201170080886732 -0.7171762217578975 0.42042714797355557 ,
0.28958971008128503 -0.04049613795903187 -0.21174954488825384 1.0337753339334586 0.07019627617984636 ,
1.1147241076474026 -0.5481865319604236 1.1290771999164755 -0.6257403147292215 0.04367808213906885 ,
-0.6035598393598991 0.2431459605736038 -0.5177435351287066 -0.7269114784162236 0.015760290799334387 ,
-1.7524459010675766 0.6801264232989659 0.41441429987637535 -0.9690507597788071 1.162004474452862 ,
###

