0.5775447064913259 0.76573545090759 0.4217542542314542 0.36471864100390117 0.6835495731673827 0.015673520556057197 0.3868586395950393 0.46060751222159946 0.4659203640175589 0.9893910342835166 0.8417494808031545 0.8982500743170048 0.06692527136991178 0.22093066403826944 0.32552329212311815 0.812275223620535 0.979167802635888 ,
0.24599658722221618 0.9900481388757856 0.051265824401129256 0.18432536234920815 0.09340774318099576 0.7851587987698425 0.9860430569275431 0.08407803065414843 0.47460908101851285 0.9188396943701256 0.5785713669889095 0.17406241020106294 0.1615162233085795 0.42594689773849514 0.9673516606901258 0.9191819829455576 0.9025368785131476 ,
0.16938443628130917 0.7522930443114696 0.2641515008233297 0.911313114306319 0.3538305031871225 0.39226916415553026 0.9558482421904104 0.6053621377055923 0.3818140669504999 0.22966431157285783 0.3268589057945942 0.05041715808975 0.5206007756493903 0.13811348108905785 0.25459369803875354 0.08607327762035821 0.9123739171895257 ,
0.9604473311587457 0.2826047264585767 0.6734221485622175 0.9162665638771214 0.47977911420465114 0.8950346800610905 0.2708864119035389 0.4992837974047999 0.9008576160265814 0.09521622927034801 0.7202136909293888 0.5341475020093674 0.4155801337101227 0.8068932011308647 0.4841586603233049 0.09640892487069086 0.08201633858748425 ,
0.6528961223087033 0.425789326764172 0.8461538246469587 0.534336194036403 0.5328360532135566 0.25277949975646996 0.9957687172909427 0.981972089859166 0.566740442241624 0.8499315308141638 0.2996884504245041 0.06632781180323022 0.31360015875603187 0.48726350989413636 0.5766668005868695 0.023575034353407354 0.4271206802273616 ,
0.684825674053423 0.5406846333538832 0.1814320318767314 0.39994580915719213 0.1735681739820587 0.9471997422552946 0.6996635909698563 0.3484703747082287 0.5813893798591879 0.23159718770670124 0.521276087150006 0.10413552566931239 0.894962105785125 0.851210320435986 0.10933074976242241 0.06365975055591155 0.671423058157148 ,
0.22646007902941567 0.9061074735026334 0.5270862845192603 0.25712354569794504 0.22102456191047914 0.5124902104085325 0.5271699379965135 0.6063966716225667 0.551999626487696 0.20135862778316427 0.2121390051273856 0.38568864859298135 0.05682126577980573 0.30716847360268984 0.012297024878701879 0.7513591896647137 0.4859249950312009 ,
0.15746191006504295 0.47043922209439903 0.6061001117485869 0.27277504328671764 0.033454684316257755 0.6461664995028822 0.07947314907634229 0.7201485744844136 0.7998941819672161 0.8784394406976708 0.21052262779112396 0.3152078842924648 0.6977372169959505 0.12061569027108276 0.16545087990708196 0.8596226553106027 0.961137695347189 ,
0.5056292081545553 0.18958677741834562 0.2994670156438026 0.9181090964137647 0.3350950848433094 0.8214818260559207 0.9957547249953486 0.11585577983609552 0.7535210966627703 0.7572199145687398 0.15928885778553337 0.4552586475190882 0.1258743998066163 0.33185952214250314 0.7764816821393471 0.8855717264696694 0.26499724056014606 ,
0.019927724433886018 0.5597134600371376 0.8311165949078361 0.7857849325549855 0.42121769402702536 0.7704062584684456 0.6392872210622836 0.07504566927839529 0.633816588303424 0.17550054847707997 0.02006761823036418 0.619385266139203 0.9345882614203916 0.1658662780404322 0.1699473575068895 0.2631499451567023 0.6298403792273262 ,
0.7907224425626856 0.3181309965443525 0.5153110187953299 0.7951411356001339 0.7413688621516017 0.39662461659130466 0.05955295582395537 0.32912578937381776 0.5639013133767249 0.9434651359276391 0.4724258921849095 0.36436162803858774 0.899577241982152 0.3753686494237988 0.9770669792281748 0.7715743019459853 0.17885769271581076 ,
###

0.09872458648418736 0.7083212388891604 0.4904567669850899 0.645216986251164 0.19394725439634775 ,
0.8860095989484702 0.5031444379573292 0.6228827965741786 0.36925727947130527 0.21018257338131496 ,
0.8417599609383821 0.46424545774210835 0.5219337207628726 0.5584728781713025 0.6730790423221816 ,
0.2830086303828865 0.7622813560936536 0.8922345804995946 0.6695132721999353 0.5368042425853428 ,
0.2772125589136849 0.15965517577405108 0.20803283000597594 0.2130306772186764 0.6517906013551866 ,
0.8144909092757008 0.2892293171214624 0.2776210384661474 0.9198124071754902 0.8330283673478914 ,
0.8395870650078245 0.4217779382900324 0.21836374556388383 0.9231108866290366 0.9301010382608543 ,
0.8850207041452832 0.12542862523630527 0.7311421843888101 0.09083079350688139 0.5821817475572095 ,
0.1590562228033856 0.2428153021817383 0.20663524073391426 0.07245907755473802 0.8314354453147526 ,
0.09030916377948128 0.48239171000873105 0.1294520920916814 0.6589611826070487 0.8578459201788655 ,
0.5172312684059833 0.7258188028699852 0.3265764180428725 0.8791062719664297 0.7844810791921826 ,
0.8876476295147364 0.19700343416617394 0.5969285442717409 0.008650819550216293 0.8290149815724345 ,
0.5512033154578289 0.7452328864345871 0.06452590080915288 0.058712395348541446 0.29147798891445975 ,
0.2695171480448566 0.5010361081629373 0.1582787088305223 0.38381676881457394 0.3097668724678676 ,
0.41752004242952956 0.3841124118903949 0.9704325575650284 0.9023119469345459 0.4289408271529497 ,
0.20023404639888565 0.9947723433600829 0.064708482362687 0.5799394150766001 0.08530130728484231 ,
0.2285503293045822 0.09612320776123562 0.7537222491886062 0.8696440621148627 0.9217006415457901 ,
###

