0.40854012647891014 -1.1578104895767998 0.6744084949550997 -1.6701568460374379 -0.3068841739472493 -0.4365504060594233 ,
-0.7746113661322216 0.3325049977621264 -1.4763388315045374 -0.6554998008170567 -0.1434685871003643 -0.7847764765439172 ,
-1.5369074382943884 1.6098412318418647 0.08988070052959655 -0.062466820691548505 -0.7531035088119206 1.870930225359913 ,
-0.3059069604891581 0.2549003950809221 0.5609443079896788 -0.35033306334677106 -0.20592116996602067 0.7128565373532265 ,
-0.22413970125455196 0.14472859570278682 0.1734989295150729 -0.23922161180852264 -0.5769181461966504 -0.3878946242034735 ,
1.959564376849894 1.4404234663962505 0.9186713718077699 0.1222607121313712 -1.1500082522450552 0.1757676862493059 ,
0.3108492758255407 -0.240862159827325 1.2869881962331648 0.3014346050283559 0.18108133846324492 0.17934734252173629 ,
1.497866882368701 -0.542140911789967 0.6289369471858921 0.766320228634766 -0.6872201172176987 -2.1353029278908524 ,
-0.17666555641335568 0.462473892684807 -0.40022002047849436 0.4656974365309404 0.2268464673597323 0.4296768495877294 ,
0.7303979924756263 -0.4403800678685766 -1.2754721987175246 0.19601293761830607 0.5441390910832428 -0.05162137215900852 ,
-0.5340182541160339 0.505704591751155 0.3624959624278459 0.9195717927120013 -0.012479933006105797 0.05384586019236305 ,
###

-0.1368804016905432 0.6592594727182642 0.9365381667023088 0.5067037171071291 -0.41239626470638563 0.1958308222184042 ,
0.9969800370879013 -0.1386020211637124 -0.09278493285928573 2.080838225445764 0.7881912177062762 1.1512925489692025 ,
-1.4328783917355015 -1.4296443522684188 0.5685222146149497 0.061430433361623606 1.3545983110424864 -0.38017771715781673 ,
0.3985262083124542 -0.07631294925756238 -0.23706755279438071 -0.3268669452667392 0.8981095139260572 1.1448309127068548 ,
0.7357639931954598 -0.2964388441509392 1.2565432852273553 -0.055669599932407096 0.9449352909292951 -0.007393177069959029 ,
0.2909148838520387 0.2364221119511985 -0.11316889819558586 -0.663934739838893 -0.797810727326922 0.1716381750078043 ,
###

0.10653218617830625 0.4939828443556959 0.8450398800156992 -0.10722437540185169 -1.1603576023306088 ,
-0.4317295975841978 1.2901768286111501 -0.38549274051865023 -0.2115919879281937 -0.6169109652447862 ,
-0.28550875881315296 -0.058387320172951444 -1.2828538502879456 0.33586477693368805 -0.9680108793787411 ,
-1.0305730901590444 0.500347249509898 0.3121167215058264 -0.12184848468677348 -1.655284761263187 ,
0.5715446888943615 -0.7034393897500256 0.8006556057859763 -0.11695060629818413 -0.6330254947431188 ,
-0.157495163233252 -1.7163367687311788 0.07855032013911759 -1.2513351139302784 0.24758544546236497 ,
###

