0.13496509998090578 1.6950619978326475 -2.108120623251161 -0.5455222692233932 1.7168862388590012 -0.39023602321935535 0.6055252840370373 0.07401848182840487 -0.18902030709280626 1.3023323047588329 -0.6617515210070831 1.0059649602440786 -0.5611928252037138 0.26466045916742065 ,
-1.776608432901262 1.1882408420842174 0.7144043287035954 1.3460538150902597 1.0407713183214922 2.3933532065932726 -0.6036722144339529 0.8165120469231767 0.5731668512311536 1.193310159887657 0.8962895015006475 2.7842529889668572 1.6061915344312754 0.253313010675269 ,
0.4602080434690744 0.14401240520090242 0.629529399047983 1.4634032704705489 1.3322696519099453 0.4271068312434466 -0.13005364327337843 0.7599556071287888 -0.6581619682644753 -0.4495098848525373 1.131167224115618 -0.7283611860603859 -0.38758841909455166 -1.0693142909076914 ,
0.08297825376095824 1.5668690430019487 1.8329934488637867 1.420850111132372 -0.15083252197537989 0.42318959267596923 1.3983200737754524 0.2889076141009902 0.19022702954713122 -0.6000379140678324 1.3905078550927026 0.18043583884635095 0.8357386868457823 -0.39780133882442503 ,
-0.3143018727564689 0.28158515248769156 0.44537951395297637 0.4961579375945463 0.1909930312300807 0.9947480962910277 0.5623858887224691 -0.2278019945450498 -0.23623185241851685 -0.7352305423501397 -1.4967497952105537 -0.6806007523837864 0.6238403338304709 0.6288593111178934 ,
1.186493445502871 -0.3443226087355735 0.17806391380187803 -0.0927606247557643 -0.4439421420326768 -0.5184279135174752 0.6991122735946399 0.5629939778213051 1.6585696090251751 1.3200154716788266 0.5997645998780448 0.21960242474015035 1.071297352853007 0.4288386889776191 ,
1.5381478199707908 0.5063871269430339 -0.2477659430094713 -0.1481361340590841 0.5845653090508358 1.0571359604543722 1.7238796796005116 -0.3016579274073845 -1.678045950690012 -1.0083909960238313 2.6491970269194205 0.9012865666816299 1.7784775447856511 0.5015954636507287 ,
-0.5531682355842794 0.33911202981178157 0.41912736198653766 1.8473153030245206 -0.4230748326720668 0.1380448869608938 0.2485168422365135 1.8771702359346576 0.45096402758159715 0.34113366154779 0.2894795346647703 -0.39500215023440755 0.21689824765633525 1.6022352982212258 ,
3.2662339670370706 0.6121974027778885 1.2787788248808132 0.3356510705897595 1.8279195814231852 1.1312620220365204 0.09563374438853367 1.8684270109641024 -0.2444994420818405 -0.31551243607357127 -0.5969631753526802 -0.724842276815294 -1.0448311711005749 2.2803355353130694 ,
###

-0.5645788049867 1.4475860685277957 -0.4486290643833223 -0.10427278319649247 0.18431248433508707 ,
-0.5958663538031528 0.2839002424665289 1.1623578102610765 0.7473714258139603 -0.23732991341719922 ,
0.7222645248165936 2.203204539797969 1.1790675540592408 1.2797502874419553 1.0624322111708357 ,
-0.9420963616955832 0.32414186224770736 0.885724410068382 0.03383742097332054 -1.3482779244549905 ,
-1.5661749380136385 0.5533921093611741 0.7548776780775164 1.805510385602711 2.1548530936311763 ,
1.2178777178039568 0.4867387051920149 1.1338874253456663 -0.17198060840299023 0.7857401285302104 ,
1.104998752225852 0.4374332417619766 0.4483547621341105 0.9477623724632718 -0.864655987334126 ,
0.6303851980178848 -0.45545708937469254 1.610201954641048 1.2644183110634017 1.6904894193775224 ,
-1.3267777295916163 -0.002468523429855929 -1.323610104499493 1.7747954794424352 0.03855051885674332 ,
1.3379093013202854 1.8470282114017231 -1.1311155238403285 0.32285549689201565 1.3667380784363652 ,
0.06926475090850892 -0.13414986207716761 0.5200835365715578 1.9791626826999047 0.34467126412249494 ,
0.8173219004250356 1.1879362559184061 0.9339579616773171 0.9024598436435728 1.449741123337739 ,
-0.5143516720581326 2.334316106118399 -1.9289527568320746 0.45115365709401656 2.5001516315482317 ,
1.1227758816667208 -0.08812902877411488 0.508743452456411 0.5029313170908781 0.8466388038074004 ,
###

