0.2846587849321464 -0.10838887240469393 0.6816237123724357 0.11072485978776614 0.21963675388910098 0.9396182181854359 0.7095470195319026 0.01590810270028182 -0.4187863189455619 -0.8401890425428576 0.46348436612918636 0.03975690454490316 0.7410972783093611 -0.5373572044714777 0.04606293680745617 -0.01808787249283961 0.5204511882614139 -0.5750611697696831 ,
-0.41984178489928126 -0.3125077257176137 0.0612137315867471 -0.24219266356924377 -0.5689835813146016 0.4234509007734896 0.41057629557644126 0.6381180737756326 0.16255419544365918 0.6221161439809721 -0.9429895782256691 -0.6402078586083135 0.4529588983062213 0.7274453484748877 0.7700068601008748 0.46175091268329654 0.08998921824651132 -0.06121703205703269 ,
0.8582173854935191 -0.652642471399316 -0.028360975851419477 -0.4284293773488291 -0.6116320126453139 0.03597872981512394 -0.9827164682024303 0.24177928460528939 -0.30163082325961477 0.528494999936286 0.6542170124745941 1.0170574920892026 0.9062990003994555 -0.918633578841909 -0.8658382953666119 -0.8630661550505037 -0.9292052556923879 -0.6976526192564719 ,
0.47874198231074516 0.12175255508066238 0.23427132491133618 0.8545498932561031 -0.5219953312695322 0.009781542642380826 0.34548041553232745 0.9057808434598525 -0.9314607070683968 -0.16331915340494524 -0.6875811570639001 -0.2328845913444793 -0.8259967566368531 0.5639121515491226 0.5148534347171448 0.838033586377018 0.8628652139265282 -0.07689565366357916 ,
-0.8992323370359909 0.12428506654704592 -0.6401189497075414 0.09388226782227661 -0.9743269008371305 -0.47005967163211004 0.5832730665555279 0.46549810265528335 0.5214989864524154 0.8650141053155945 0.5821430839144733 -0.6871275729530276 0.2839190052762282 0.6332990369573094 -0.16693762342734397 -0.5265002448374634 0.5109349500451158 -0.2657041272166799 ,
-0.017353905092858696 -0.7547916457692632 -0.2650259027211428 0.7019219018364448 -0.2961945092006105 0.7701086102568726 0.2079401603615905 -0.8978534151366698 -0.5016854495428359 0.909175871178458 0.4123901133468446 0.11695297971394111 0.3566983926064313 0.1391918042589702 -0.4499688668892004 -0.19748268143632217 0.19574775966362057 -0.14335654844060822 ,
-0.15843908861529274 -0.7786228435321261 -0.24140678175670455 0.37360285772290625 0.2625772996961869 -0.7077255462713046 -0.250776697377236 -0.4399386924775402 -0.005454504825517876 0.20006055014569166 0.7321235459147581 -0.24224833374834828 0.9857365809168698 0.06131525841358767 -0.5257072777368257 -0.4266280959183723 0.4472400481421481 -0.7882740598924104 ,
0.5060001433198141 0.24764030585170033 -0.3745741901848685 0.45902037348723745 -0.1287975994935726 0.08695984668410708 -0.733126923458655 -0.5522460159544988 -0.9537547030830433 -0.7070187968857071 -0.15141889393406333 0.4412134967912958 0.19078463401703633 0.5141762332000231 0.44579513070460997 1.0210368463156452 0.14186411473033436 -0.8648645479655104 ,
-0.9288571348233627 -0.2572613718745146 0.3929343116001973 -0.622288723927305 -0.8935304246869835 -0.9546336886313439 0.9743267133126907 -0.6053838754584743 0.8042962726151542 0.08024986221140663 0.7123443225695287 0.24015250304857974 0.05014216085265298 0.29944181442792217 0.4224051143122191 0.10949387017651425 -0.7006094944679059 0.28982804760904113 ,
-0.6596748698250571 -0.13338703028474402 0.8502635070740627 -0.09006193417190106 0.8543199219197056 0.22686708391238952 -0.45467001403812074 -0.011997378092902754 -0.5511559314796693 -0.5843777545249083 0.053659279399360944 -0.5851881153933552 0.6269739533418452 -0.9454403253008882 -0.5892473717599989 0.23348109765965894 0.7938727656159706 0.7673706485886554 ,
-0.8074652603259819 -0.6969821006510714 0.10956103229299306 -0.4046444856179681 0.003919795236687602 0.024443915553661683 -0.11546334277534717 -0.1557205303633527 -0.3805863580528297 -0.6488221611068746 0.9617304845219415 0.6485093343856568 -0.17817448544075987 0.9642720930128742 0.7613059829251774 0.3334951521430749 -0.9624487518143949 0.6713932992218987 ,
###

0.9111475089881002 -0.5701283662402042 -0.6514183075547937 0.6011268337414449 0.25827039906688587 ,
-0.7197529554283464 0.49619645811923263 -0.6156359913271553 -0.33467994572142934 0.8583241203499467 ,
0.5934429439346732 0.46328764569800013 -0.05542024245976878 -0.8751796447471116 -0.716204760415558 ,
-0.3639706296380295 0.572106242541377 -0.12947305282171193 0.6830864986567287 -0.5570515604768824 ,
0.45104260835181575 -0.21532739127918418 -0.9286632142114645 -0.8726750962105453 1.0021287572023387 ,
0.6089474397406153 0.4992082131191027 -0.7654949496175468 0.8660706546531235 0.8930556440014407 ,
-0.6128634207939443 -0.40536403958882794 0.7925856831945604 -0.141835127273227 -0.5176673426441152 ,
-0.3039323537606669 -0.21411085493379972 -0.12854399433486272 -0.46985881954452613 0.07672709879017016 ,
0.592121208776114 -0.037636147538083614 0.36922412165612334 0.5708488898370143 -0.6893215461088392 ,
-0.02227977793344551 -0.988054734341468 -0.3433429214154967 0.14172841184564824 -0.6086792976311174 ,
-0.10355758680868025 -0.22157402247782673 -0.8639271779277939 -0.2860224341929726 -0.6980129006235168 ,
0.226986306119788 0.6438880296823499 0.8616031772484829 0.43981839449175647 -0.609473897301454 ,
-0.05807262009985254 0.7202831680362289 0.1772694653417395 -0.24533721098475392 0.7761848476550732 ,
0.397158855231244 0.5718891005756783 -0.3627681397333307 0.3417439037335337 0.5329378703357749 ,
0.44403918983622714 0.6862395883795759 -0.8058020214621858 -0.11791858469675899 -0.16213352566129524 ,
0.8250612992459074 -0.6151758324397367 -0.7782957815675691 0.7435943303463145 -0.7323837643520383 ,
-0.7177949187798521 -0.09370067921759642 -0.5455453328846835 -0.851787719878639 0.32515314464781414 ,
-0.5660648161122942 -0.05757615984761508 -0.9903969257740636 0.49483614495841727 0.40571129642001463 ,
###

