1.1111670994773701 0.6961220415645571 0.7334925554573215 -0.4152947407517369 -0.4606129338641114 -0.24164013116194832 0.9588284334162617 -0.5209829173222806 -0.4696568241010202 -1.3617818649499944 1.2388691352642982 -0.1588174888124431 -0.08613700011325649 -0.4451290320866376 0.22482443166382327 -0.7296902914031994 0.6650048207027163 -0.3554445744186823 ,
-0.19280314957314384 -0.19970599147311513 0.307104239372535 0.16189283868539514 -0.5504945656360684 -0.5196979307148322 -0.5590687881941766 -0.12286882427609419 -0.13147373809921237 1.021362461107051 -1.3416510486426412 -0.7181456073304686 0.9720694812419469 1.8218126260291414 0.8239917977655014 -0.3060287669219174 -0.1081820778548823 -0.43077777653138416 ,
0.30222298459525443 0.13290527309020964 0.0906464342616418 -0.8640643436313035 -1.7949703657406317 0.1538248661780472 -0.6431968008721733 -0.1452300977543068 -0.8408373946864428 0.12387620569319147 1.1690510546181294 -0.05186502225454831 0.8584170680636111 -1.1103322482513283 -0.4437033142026158 -0.5624302038192467 -1.3009543879520669 -0.2820673616671746 ,
0.3933381492918979 -0.5132620576170829 -0.1653024129889376 0.9931791291963833 -0.8591903154911626 -0.1437668397627688 -0.15617237054292699 0.7014883681897002 -0.1187166185106917 -0.6604129450294457 -0.6793032267401763 -0.7269081423014027 -1.1491008327456864 0.2587070054884368 0.3045297033942158 1.3807254398629747 0.7039718052975305 -0.6044019969759999 ,
-0.07264925819596224 0.42437750372998645 -1.5924658295710228 -0.22343802607911128 0.0721620784307944 -0.21663453263033852 1.085033382292628 0.4817521770107891 0.6286056578109273 0.665003828945858 -0.3757969512064591 -0.023344793770744207 0.3813168062480154 0.9748268743111436 -0.22141420856162994 -0.08672093712064849 1.1543483524825982 -0.3087913418404926 ,
0.49329530613578587 -0.5141506827838557 -0.33517479094800307 1.6115359311908242 -0.7982936883974023 1.124786149043149 -0.36867999870374246 -0.7501348333377804 -0.6743272311457643 1.0546646823168628 0.518805214915385 -0.1273840550277383 -0.9800312165529868 0.41329692731446943 0.10868776279455367 -0.47463113020897485 -0.010382505793635373 -1.0514615038414268 ,
-0.1436073749813064 0.23908215397152346 -1.3802573517611672 1.1192517896448755 0.4272342945354543 0.4270383806534838 0.42546347011523683 -0.15694412760385204 1.1461758989709112 0.7267929623116759 1.253600099122902 -0.8574244957085859 0.8488238089652571 -0.9156528237436847 -0.6717502151837305 -0.4013548453829763 0.9848093326072169 -1.1334580105922227 ,
0.25928709533704886 -0.7742834428141404 -0.5259845255815385 0.49485912452194286 -0.3748737878159086 0.7558511181900013 0.4625269850070496 -0.6673967407959681 -1.2388007357244033 0.06608217658070688 -1.4583773407484495 -0.7184693670978274 0.6052000081672895 0.8676503453928474 0.9002879584397521 1.2075205743921869 -0.6465329264937815 -0.3103025804983603 ,
-1.369832365622835 0.25023655092549 0.7357721653484767 -0.9872948463512485 -1.1859202118043508 -0.8381156806620946 1.0333494402140897 -0.6810024659767627 0.8968333396940895 -0.22504209409541526 0.9268936085777169 -0.17738382292440202 0.0527868547787716 0.10375395104028264 -0.552093733354411 -0.4675465025740416 -0.25547663742240234 0.5804709022716359 ,
-1.2857858663616595 -0.5348506886665333 0.7482007417425995 0.3349218407816819 1.1100292647392505 0.16582418379691732 -0.1393692833640844 0.6963524988129018 -0.941058400807505 -1.4842822842490813 -0.7075178414262576 -0.9941535994526467 0.11309484206288928 -0.17476291953791917 -1.2374371185523136 0.8819375584986945 -0.0024051372597529846 1.2571966555157734 ,
-1.523043298613145 0.38215809847855253 0.9962020717847332 -0.5835554278977126 -0.7230164624019493 0.8944355284755272 -0.4523101690941695 -0.2285914230762204 -0.8785557250148038 -0.15137021003194723 1.0275058660315237 0.4278205255880427 0.8066182697166765 0.3956197717948666 0.5189681998139727 -0.435106289744675 -0.9699944533872498 0.7643210018876824 ,
###

-0.04019051809353733 -0.6577623142892048 -0.26460466713703823 0.3734392586986318 0.9103226727933366 ,
-1.246364211624917 -0.17389220296072014 -0.11402022476494426 -1.4995972198725576 0.5694719132284656 ,
0.884116283344168 0.7942731743426151 0.7802498985705028 -1.5697523304483552 -1.0003478650720303 ,
-0.0693684823992372 1.1225372290447762 -0.06553531302872417 0.727262191001818 -0.3521270597033357 ,
-0.050182058209741295 -0.32033853055124234 -0.4093332863442554 -0.8134147196888878 1.8598703883091614 ,
-0.06703277598661153 0.7694147315478242 -0.9756955232266536 0.3042452953670161 1.2330848222158433 ,
-0.42470930231150444 -1.2041178918456183 0.6747386265242364 0.06441252444244971 -0.4493899653353814 ,
0.8406488967715595 -0.4414145627814934 -0.44358473385449604 -0.6038096621747293 -0.3735621604522118 ,
0.3051067972194693 -0.2789700814036725 0.5414440765711361 0.1632503288657392 -1.8862899162189302 ,
-0.5861724372918167 -1.319755861726493 -0.0888775790199984 0.13349776035702002 -0.929148325360058 ,
-1.1270566251697292 -0.32909023503799284 -0.7771047470596775 -0.729504681946093 -0.9332942039447091 ,
0.5511647740600688 1.6155150658124446 0.8173267043613925 0.2977558344371877 -1.1047399448063537 ,
-0.1451831234625855 0.9378561143475299 0.15699004203040343 -0.5425796580401527 1.0574932108666328 ,
0.029062422727258452 1.0683173124413465 -0.21529591085800387 1.199067407085971 0.4502303927450601 ,
0.5428715419884337 1.2792161643713753 -0.4040778997545762 0.26495313249979624 -0.7030803938865479 ,
0.6866078696418395 -1.0376013523242866 -1.005770395794978 1.0825801857996191 -0.16315491985966543 ,
0.039023009382243706 -0.5395217931181673 -1.4205624985603267 -0.5529780397801762 0.8609170534951525 ,
-0.34704479685531975 -0.45320821981573844 -0.6848788414227883 0.6704765123072448 0.4082936252434196 ,
###

