0.03344098469456179 0.5860538966864417 -0.1060781708523138 0.06998608874150533 1.3476218190090046 1.5874385423505355 1.5155244642145624 1.0196261117842618 0.8073694616444687 -0.13499062350644614 0.572702347009571 0.7786202735840746 -0.17978656449989522 2.1450662536553438 0.7382704570941082 1.0506964643784427 1.5609222689702442 -0.22146971503492074 -0.6589337477815308 0.20253917831243326 1.0326907401966015 1.0154278796567746 1.2178425212145196 0.696579840538005 0.6063053054514818 ,
-0.06585466619593133 1.7088792131949033 0.0727637822976633 -0.039964132237551436 -0.2240215594204661 1.2267751569027012 -0.13913884961665868 0.7568414751111237 0.5621776599751601 -0.8084276093202755 1.2318440549513834 1.1433190403493698 0.5160581186989754 1.1298401107085543 0.07807399481885796 0.7398391522375708 -0.05466099959530857 0.7871383594636081 0.6551779414808374 0.9822958395519168 0.4366235570826812 0.24605040662517125 1.0613023869280593 2.1767681352559585 0.6728059350464977 ,
0.7399788616879832 -0.004928523596925173 0.142633754475661 0.24286573314298196 0.5990308920454551 0.39304055087976086 -0.5158428215742143 0.8973537584123457 0.49436882934706344 0.18086782067199048 1.3159090587831013 -0.397125063120732 0.04023768347068618 1.0191130975198268 0.25756675426917924 1.7821504442105958 1.3895163889929985 2.1925098198163875 0.8117237025171409 1.4628892141473075 -0.13984952823565158 0.5848165706774452 1.1608160676872221 0.9027761267494552 0.12779848499147511 ,
0.291554308684697 0.7095442583024232 0.9122395763305992 1.0710337422880427 0.7511147861249352 0.582637519402566 0.22672382238124006 1.0652359324684249 1.1530876168646 -0.08828453822522432 0.8054472851006503 0.3611739307448995 1.4700284570376987 1.0908887164864534 -0.023371165979700764 0.6062172501365757 1.6176638001422015 -0.14287498441028113 0.8244053790789412 0.06528163020458894 -0.875057844100601 0.2069943628306561 -0.24509185619380267 0.4042802060484616 0.9225771323336462 ,
0.3251222058464419 0.6950575018625391 0.6582351313899548 0.4789447114549621 1.320249103200334 0.023649620077147188 0.21456583718157382 0.16957168370717546 0.28510159397831975 0.8494732866590697 -0.36797158508699235 0.16997842358687698 0.39483463588078055 1.612701352669602 1.3061582665291411 0.11863939556529249 -0.2415737242271474 0.695411440867843 0.9675623693721355 0.9498454965716283 -0.12140959513718495 0.4893895983929648 -0.12317346728340103 1.2937767615857805 1.0223838585761793 ,
0.3674466007821577 -0.15265132128691597 0.22859547558998322 1.0967352502666854 -0.018963101708242003 0.6181422821585669 0.009109314977283206 0.4440450555715185 0.7688817551700898 1.0939297876575143 -0.28659659347650257 -0.17190593082633873 1.1935906114269423 -0.39058950572040885 1.2797836823263158 1.1279245812248462 0.35942633523273176 0.4589152124200049 0.23276143036928024 0.6747478379352482 0.9113880120034762 0.008575692774007881 0.4510557290566437 1.102344856419592 0.4341877099442978 ,
0.7821582308570227 0.08395271299041779 0.3495894922420425 0.8956302110318995 0.30276228706879305 0.9730570679014684 -0.3969784116866437 0.22001615344122727 0.03400611204694787 0.8853891395305167 -0.284125254084456 0.9063974916330924 0.9922661703761855 -0.1819132113830328 0.05347103530961595 0.8445009784055854 0.052100559316536066 1.3360477074610801 0.34705034864267575 0.4690264903571122 1.0838934753498946 1.2576950104601716 1.1701212307402584 0.4244055696394285 -0.23541190710169965 ,
0.142068786269658 0.04525030629441895 0.5732560840605342 -0.5375615106270928 1.0043031279562051 0.39292280025356774 1.0899143107352491 0.8462346204382353 -0.02347373770035846 0.6811862458276452 0.5228273808868767 -0.10785931760746278 -0.8160867805489045 -0.42972143017046 -0.039750160440748666 -0.11625358060862555 1.4629793161717113 0.608834778562286 1.2277191610507416 0.4672975330175599 1.2163628915376847 0.49311873159103875 0.5506673693998166 0.08039176379144969 1.379307361981565 ,
-0.23568456113111824 1.0838284100568611 1.1107686837446613 0.24056616535128683 0.500456199737731 0.4278132175010033 1.184326861448237 0.5512622396975291 0.9572029838652996 0.8125798879960967 0.0912842616793279 1.258843204547223 -1.1641549933857451 0.310078310150005 0.7049625838471185 0.8417864042202481 1.6184603016064945 0.2438405518348829 0.28337811680256864 0.9573781391129464 1.13117371577271 0.8484877555604394 0.7831388941548951 -0.3984164790162641 0.22736146173755034 ,
0.6694217643637564 1.0467647214499787 -0.07901240299115553 0.3898255804096087 1.4272051731497817 -0.287301303223807 0.9775889400386327 0.5547199695256737 -0.02468425544922595 -0.024281822922234048 0.7848779986839394 -0.9228517210112395 0.7863798818846496 0.502106545742304 0.7540429366682004 -0.727176991225309 1.3900241764737433 0.22701574420021717 0.8608456381804597 -0.2384969412912207 -0.10239163487290845 1.116442051321052 0.8925218707237945 -0.05380204397135446 -0.3690331711166914 ,
-0.1556590851735249 -0.1457823090922183 0.36981556949552263 0.7164256709242951 0.5298821030172245 1.1819246715427265 0.8174081290780303 0.24258575389939652 -0.009056842118534358 0.3150058488259977 -0.11597407510555804 0.8529606470946496 0.22855370464669392 -0.6727028264856127 0.744214387941865 0.7549419675120207 0.8153270215185245 0.3906708113953884 0.8694962335885317 0.6046890540301004 1.188109877990649 -0.26438083933713125 0.06398386946905427 0.8792197254777129 0.39723103620111333 ,
###

1.1193085075573341 0.5861398897976141 0.3471838626574209 1.0262210698241052 0.23887628566353525 ,
1.2078177122984965 0.916441530135678 0.8200386441483802 0.7074045517133339 0.4624696665300454 ,
0.8188207503259612 0.7030328447667877 0.4038395166594524 0.28305412105179617 0.5251499331822072 ,
0.20875032518534495 1.0694336241327944 1.2697396304797857 1.4496718450547126 0.6059405664794023 ,
0.8824605083387735 0.7439204025489063 0.056885347581881476 0.14380089804102195 0.6856542125196985 ,
0.11324630976702293 0.021594938288433542 0.4599962788552453 2.04859271700689 -0.19613256512256574 ,
1.0197608706264645 1.6932608787730636 1.0028573624528492 -0.08068098669155163 1.0862483850930098 ,
0.6920415897035522 0.31798549086749767 1.1269054324062349 0.18769465129244495 0.6144919216636402 ,
0.45537872911724897 0.4497715624431463 0.9137786891209394 0.49414355063093873 -0.27172301737100807 ,
1.5394768916717945 0.27211201641077565 1.433096819491869 0.3816634993444195 0.8414110293031303 ,
0.0470465672869045 1.1863690079572329 0.9003912898511455 0.5327222721366662 1.721151703884268 ,
0.3337225104254805 -0.8039284131500849 0.8249842715036667 0.6869487483849397 0.7941571444134371 ,
0.5616383148601269 0.04350027713514324 0.9618266035769076 1.1145106377964193 0.5668196328136191 ,
0.3333405675080062 0.3019919313226569 1.2776192722829718 -0.034947519874337585 -0.06856267474249211 ,
0.09229743648253819 -0.03276164220084633 -0.21996069623784245 1.537748045672175 0.9006863097195075 ,
-0.5305289168293436 -0.19200593943236943 -0.1993391374020546 1.1732768850487911 1.1877745036224443 ,
1.262422865856136 1.3102560263478071 0.5103230050402581 1.1555039784155379 -0.1498948513454722 ,
0.0534870926858165 -0.8119446577723926 0.9982218953015949 0.20147398723330784 0.012901928049343148 ,
0.3341146331302323 1.0558735968266961 0.5884526172310085 1.0958677328341853 0.5543315322563315 ,
0.6664844139503108 0.5204757447139348 1.3924178826652829 0.07263772472228051 1.6345712586457273 ,
0.8439385908085434 -0.7099573515023555 0.19349047548540516 0.22549347228333394 0.6045476297676693 ,
0.2965277491235 0.030307407773602243 1.0655781875137293 1.1636114128912032 0.6013220030420589 ,
0.03484902884676819 0.16285618231414944 0.5845353323128561 1.1930846190639186 -0.23660406877147533 ,
-0.42050249702191633 0.05270311308105136 0.7495895522397403 -0.20471917608803847 0.8103143139396919 ,
0.024598967482895168 0.033045661722893804 0.6201686148612071 0.8865543218204673 0.8894626139569064 ,
###

